S1.1	0	1046.2355	562.4482	1.488	4	20
S1.2	0	885.1352	665.4026	1.488	4	4
S1.3	0	618.8612	1025.3992	1.488	4	4
S1.5	0	855.8456	643.8019	1.488	4	4
S2.1	1	685.4331	112.4394	1.891	4	20
S2.2	1	444.4451	308.2808	1.891	4	4
S2.3	1	408.4975	337.8015	1.891	4	20
S3.1	2	1462.27		838.9544	3.129	4	20
S3.2	2	1331.7813	1072.2243	3.129	4	4
S3.3	2	760.6423	1367.4001	3.129	4	20
S4.1	3	1312.5083	621.503		2.949	4	20
S4.2	3	1220.6265	903.0171	2.949	4	20
S4.3	3	568.938		1291.0793	2.949	4	20
S5.1	4	863.1752	350.7621	2.8	4	20
S5.2	4	774.6354	405.4803	2.8	4	20
S5.3	4	319.3159	1106.0438	2.8	4	20
S6.1	5	865.8389	313.3221	2.66	1	4
S6.2	5	724.7077	407.6397	2.66	1	4
S6.3	5	311.3257	1030.444	2.66	1	20
S7.1	6	915.7696	226.2035	2.79	1	4
S7.2	6	618.861		437.1592	2.79	1	20
S7.3	6	341.9436	939.7231	2.79	1	4
S13.1	7	599.5562	690.5992	1.23	4	20
S13.2	7	658.1367	609.2392	1.25	4	4
S13.3	7	843.8684	407.6416	1.23	4	20
S14.1	8	1401.0076	1101.0295	3.703	4	20
S14.2	8	1456.9278	1040.554	3.703	4	20
S110.1	9	837.2171	141.9615	3.214	4	20
S110.2	9	578.9185	338.5193	3.214	4	20
S112.1	10	1072.1965	584.0493	1.488	4	20
S112.2	10	913.7588	696.3634	1.488	4	20
S112.3	10	644.8219	1043.3992	1.488	4	20
S112.4	10	994.9697	762.6061	1.488	4	20
S112.6	10	935.0598	723.7241	1.488	4	20
S113.1	11	1054.8888	577.5685	1.488	4	20
S113.2	11	901.777		677.6431	1.488	4	20
S113.3	11	628.1804	1036.9192	1.488	4	20
S114.1	12	1044.9034	577.5681	1.488	4	20
S114.2	12	897.7832	669.003		1.488	4	20
S114.3	12	620.8581	1034.0392	1.488	4	20
S115.1	13	1028.9269	576.8474	1.488	4	20
S115.2	13	891.1266	656.0428	1.488	4	4
S115.3	13	609.5419	1031.8792	1.488	4	20
S116.1	14	1021.6044	573.9672	1.488	4	20
S116.2	14	883.1385	651.0026	1.488	4	20
S116.3	14	606.8793	1028.9992	1.488	4	4
S117.1	15	1008.2907	570.3666	1.488	4	20
S117.2	15	863.8342	629.4021	1.488	4	4
S117.3	15	600.2226	1023.2392	1.488	4	4
S118.1	16	982.9947	563.1657	1.488	4	4
S118.2	16	859.1747	616.442		1.488	4	4
S118.3	16	593.566		1016.7592	1.488	4	4
S119.1	17	977.6693	557.4055	1.488	4	20
S119.2	17	864.4998	633.0021	1.488	4	4
S119.3	17	595.563		1012.4392	1.488	4	20
S120.1	18	973.6754	551.6454	1.488	4	20
S120.2	18	848.5237	612.8417	1.488	4	20
S120.3	18	593.566		1007.3992	1.488	4	20
S121.2	19	839.8698	609.9616	1.488	4	20
S121.3	19	595.5629	997.3192	1.488	4	20
S122.1	20	1035.5867	505.5677	1.488	4	20
S122.2	20	825.2243	628.6812	1.488	4	20
S122.3	20	606.8792	985.0792	1.488	4	20
S123.1	21	1048.2306	607.8083	1.488	4	20
S123.2	21	925.0757	685.5638	1.488	4	20
S123.3	21	627.5147	1053.4792	1.488	4	20
S123.4	21	985.6511	737.4058	1.488	4	20
S124.1	22	1038.245	614.2878	1.488	4	20
S124.2	22	927.7387	679.8038	1.488	4	20
S124.3	22	621.5238	1057.0792	1.488	4	20
S124.4	22	973.0036	724.4453	1.488	4	20
S125.1	23	1034.9172	598.4477	1.488	4	20
S125.2	23	917.088		671.1635	1.488	4	20
S125.3	23	617.5299	1048.4392	1.488	4	20
S126.1	24	1016.2782	591.2469	1.488	4	20
S126.2	24	903.1092	650.2831	1.488	4	20
S126.3	24	606.8793	1041.2392	1.488	4	20
S127.1	25	969.68		586.9252	1.488	4	4
S127.2	25	895.1217	622.2029	1.488	4	4
S127.3	25	590.9034	1034.7592	1.488	4	4
S128.1	26	946.3814	569.6444	1.488	4	4
S128.2	26	881.8084	604.9226	1.488	4	4
S128.3	26	584.2468	1023.2393	1.488	4	4
S129.1	27	1053.5588	545.1685	1.488	4	20
S129.2	27	877.1469	669.0024	1.488	4	20
S129.3	27	622.1895	1015.3192	1.488	4	20
S129.5	27	848.5231	641.6417	1.488	4	4
S130.1	28	1040.9108	542.2879	1.488	4	4
S130.2	28	871.156		660.3623	1.488	4	4
S130.3	28	611.5389	1010.9992	1.488	4	20
S130.5	28	846.5262	633.0017	1.488	4	4
S131.1	29	1050.2315	519.2483	1.488	4	20
S131.3	29	619.5268	994.4392	1.488	4	20
S131.5	29	834.5437	637.3214	1.488	4	4
S132.1	30	1061.548	525.0088	1.488	4	4
S132.2	30	867.8273	669.7222	1.488	4	4
S132.3	30	628.1804	1000.9192	1.488	4	20
S132.5	30	841.2005	643.8016	1.488	4	4
S133.1	31	1064.8768	517.809		1.488	4	4
S133.2	31	861.8361	669.7221	1.488	4	4
S133.3	31	630.8431	995.1592	1.488	4	4
S133.5	31	837.8719	648.8415	1.488	4	4
S134.1	32	1079.5215	532.2096	1.488	4	20
S134.2	32	877.8121	688.4424	1.488	4	20
S134.3	32	646.1533	1008.8392	1.488	4	20
S135.1	33	1074.8605	557.4094	1.488	4	4
S135.3	33	644.1563	1026.8392	1.488	4	20
S136.1	34	1090.8368	563.1702	1.488	4	4
S136.3	34	658.1351	1037.6392	1.488	4	20
S137.1	35	959.0291	582.6049	1.488	4	20
S137.2	35	891.1278	614.2828	1.488	4	20
S138.1	36	939.7243	573.9642	1.488	4	20
S138.2	36	885.1369	602.0426	1.488	4	20
S139.1	37	941.0564	552.3643	1.488	4	4
S139.2	37	862.5035	597.7221	1.488	4	20
S140.1	38	968.3508	523.5652	1.488	4	20
S140.2	38	979.0025	507.0055	1.488	4	4
S140.3	38	1026.2666	516.3673	1.488	4	20
S140.4	38	987.6553	542.2859	1.488	4	20
S141.1	39	964.3562	535.805		1.488	4	4
S141.2	39	998.3062	546.6063	1.488	4	20
S141.3	39	1021.6062	528.6072	1.488	4	4
S141.4	39	992.3166	503.406		1.488	4	4