# Strong lensing multiple images to reconstruct the six Hubble Frontier Fields cluster (Abell 370, Abell 2744, Abell S1063, MACS J0416.1-2403, MACS J0717.5+3745, and MACS J1149.5+2223).
# The redshifts with ** indicate the redshift from the MARS algorithm.


# Multiple images of Abell 370
# ID		R.A. (J2000)		Decl. (J2000)		z		Class		Delta_rms (arcsec)
1.1		39.967047		-1.5769172		0.8041		gold		0.0143
1.2		39.976273		-1.5760558		0.8041		gold		0.0078
1.3		39.968691		-1.5766113		0.8041		gold		0.0161
2.1		39.973825		-1.584229		0.7251		gold		0.0009
2.2		39.971003		-1.5850422		0.7251		gold		0.0232
2.3		39.968722		-1.5845058		0.7251		gold		0.0592
2.4		39.969394		-1.5847328		0.7251		gold		0.2687
2.5		39.96963		-1.5848508		0.7251		gold		0.0957
3.1		39.965658		-1.566856		1.9553		gold		0.0018
3.2		39.968526		-1.5657906		1.9553		gold		0.0043
3.3		39.978925		-1.5674624		1.9553		gold		0.015
4.1		39.979704		-1.5764364		1.2728		gold		0.0056
4.2		39.970688		-1.5763221		1.2728		gold		0.0023
4.3		39.961971		-1.5779671		1.2728		gold		0.0042
5.1		39.973473		-1.5890463		1.2775		gold		0.0298
5.2		39.970576		-1.5891946		1.2775		gold		0.0037
5.3		39.969472		-1.5890961		1.2775		gold		0.0023
5.4		39.96858		-1.5890045		1.2775		gold		0.0497
6.1		39.969405		-1.5771811		1.0633		gold		0.0038
6.2		39.964334		-1.5782307		1.0633		gold		0.0089
6.3		39.979641		-1.5770904		1.0633		gold		0.009
7.1		39.969788		-1.5804299		2.7512		gold		0.0339
7.2		39.969882		-1.5807608		2.7512		gold		0.0122
7.3		39.968815		-1.5856313		2.7512		gold		0.0076
7.4		39.986567		-1.5775688		2.7512		gold		0.0129
7.5		39.961533		-1.5800028		2.7512		gold		0.0091
8.1		39.964485		-1.5698065		3.2637^{**} 	silver		0.0044
8.2		39.961889		-1.5736473		3.2637^{**} 	silver		0.0052
9.1		39.962402		-1.5778911		1.5182		gold		0.0078
9.2		39.969486		-1.5762654		1.5182		gold		0.0034
9.3		39.982022		-1.5765337		1.5182		gold		0.0057
11.1		39.963839		-1.5693802		9.7062^{**}	silver		0.0835
11.2		39.960789		-1.5741702		9.7062^{**}	silver		0.0279
11.3		39.98846		-1.5719676		9.7062^{**}	silver		0.0293
12.1		39.969682		-1.566636		3.4809		gold		0.0028
12.2		39.959198		-1.5753221		3.4809		gold		0.0054
12.3		39.9841			-1.5709127		3.4809		gold		0.0073
13.1		39.979513		-1.5717782		4.248		gold		0.0015
13.2		39.97521		-1.5688203		4.248		gold		0.0009
13.3		39.956759		-1.5775032		4.248		gold		0.0048
14.1		39.972309		-1.578091		3.1309		gold		0.1114
14.2		39.972192		-1.5801027		3.1309		gold		0.0128
14.3		39.974254		-1.585577		3.1309		gold		0.0035
14.4		39.981313		-1.5782202		3.1309		gold		0.0056
14.5		39.957673		-1.580459		3.1309		gold		0.0051
15.1		39.971328		-1.580604		3.7084		gold		0.0025
15.2		39.971935		-1.5870512		3.7084		gold		0.004
15.3		39.971027		-1.5777907		3.7084		gold		0.0104
15.4		39.984008		-1.5784556		3.7084		gold		0.0045
15.5		39.958795		-1.5805488		3.7084		gold		0.0025
17.1		39.969758		-1.5885333		4.2567		gold		0.0021
17.2		39.985403		-1.5808406		4.2567		gold		0.0051
17.3		39.960235		-1.5836508		4.2567		gold		0.0043
18.1		39.97583		-1.5870613		4.4296		gold		0.0023
18.2		39.981476		-1.5820728		4.4296		gold		0.0062
18.3		39.957362		-1.5820861		4.4296		gold		0.0067
19.1		39.971996		-1.5878654		5.6493		gold		0.0012
19.2		39.985142		-1.5790944		5.6493		gold		0.0102
19.3		39.958316		-1.5813093		5.6493		gold		0.0046
20.1		39.965279		-1.5878055		5.7505		gold		0.0028
20.2		39.963619		-1.5868798		5.7505		gold		0.004
21.1		39.966733		-1.5846943		1.2567		gold		0.0267
21.2		39.967252		-1.5849694		1.2567		gold		0.0333
21.3		39.981539		-1.5814028		1.2567		gold		0.008
22.1		39.974406		-1.5861017		3.1309		gold		0.0037
22.2		39.981675		-1.5796852		3.1309		gold		0.0052
23.1		39.9801126		-1.5667264		5.9386		gold		0.0212
23.2		39.9573149		-1.572744		5.9386		gold		0.0072
23.3		39.9771658		-1.5662748		5.9386		gold		0.0014
24.1		39.963111		-1.570603		4.916		gold		0.0271
24.2		39.96204		-1.5723407		4.916		gold		0.006
25.1		39.9870836		-1.5790992		3.8145		gold		0.0111
25.2		39.9617028		-1.5832126		3.8145		gold		0.0348
26.1		39.979924		-1.571393		3.9359		gold		0.007
26.2		39.97446		-1.5680963		3.9359		gold		0.0028
26.3		39.95717		-1.5769717		3.9359		gold		0.0046
27.1		39.9806909		-1.5711198		3.0161		gold		0.0116
27.2		39.9582916		-1.5759068		3.0161		gold		0.0054
27.3		39.9724399		-1.5671511		3.0161		gold		0.0013
28.1		39.963492		-1.5822806		2.9101		gold		0.0227
28.2		39.967058		-1.5845583		2.9101		gold		0.0017
28.3		39.987817		-1.5774528		2.9101		gold		0.0102
29.1		39.968425		-1.5646657		4.4897		gold		0.0014
29.2		39.983596		-1.5674774		4.4897		gold		0.0094
29.3		39.960838		-1.5691328		4.4897		gold		0.0043
30.1		39.9833507		-1.5704081		5.6459		gold		0.0032
30.2		39.972404		-1.5663533		5.6459		gold		0.0016
31.1		39.9747496		-1.5693301		5.4476		gold		0.0035
31.2		39.980667		-1.5747346		5.4476		gold		0.0169
31.3		39.956156		-1.5786786		5.4476		gold		0.0044
32.1		39.9662845		-1.5693446		4.4953		gold		0.0059
32.2		39.988097		-1.5751871		4.4953		gold		0.0071
32.3		39.960682		-1.5783795		4.4953		gold		0.0089
33.1		39.9627222		-1.5860036		4.882		gold		0.001
33.2		39.9662152		-1.5879961		4.882		gold		0.0008
34.1		39.970107		-1.5701499		5.2437		gold		0.0164
34.2		39.971805		-1.5880395		5.2437		gold		0.0075
34.3		39.9585664		-1.5817008		5.2437		gold		0.0056
34.4		39.985048		-1.579559		5.2437		gold		0.0025
35.1		39.981538		-1.5658624		6.1735		gold		0.0024
35.2		39.9758248		-1.5644423		6.1735		gold		0.003
36.1		39.9624435		-1.5807098		6.2855		gold		0.0011
36.2		39.965996		-1.5843845		6.2855		gold		0.0032
37.1		39.9703912		-1.5687943		5.6489		gold		0.0107
37.2		39.970428		-1.5694203		5.6489		gold		0.0251
38.1		39.977154		-1.5737917		3.2		gold		0.0108
38.2		39.975063		-1.5721045		3.2		gold		0.0003
41.1		39.965442		-1.5780222		1.1948^{**}	silver		0.0037
41.2		39.967933		-1.5773472		1.1948^{**}	silver		0.0037
42.1		39.963579		-1.5656333		1.0315		gold		0.044
42.2		39.962958		-1.5661111		1.0315		gold		0.1819
42.3		39.963375		-1.5659528		1.0315		gold		0.0605
43.1		39.962117		-1.57525		1.9838^{**}	silver		0.0202
43.2		39.984054		-1.5733556		1.9838^{**}	silver		0.0101
43.3		39.966563		-1.5696694		1.9838^{**}	silver		0.0234
44.1		39.977717		-1.5827917		3.3985^{**} 	silver		0.0052
44.2		39.976646		-1.5836028		3.3985^{**}	silver		0.0058
45.1		39.9824			-1.5811			7.6577^{**} 	silver		0.003
45.2		39.975875		-1.58726		7.6577^{**} 	silver		0.0017



# Multiple images of Abell 2744
# ID		R.A. (J2000)		Decl. (J2000)		z		Class		Delta_rms (arcsec)
1.1.1		3.597561		-30.403925		1.6881		gold		0.0055
1.2.1		3.595963		-30.406808		1.6881		gold		0.0064
1.3.1		3.586226		-30.409986		1.6881		gold		0.0037
1.1.2		3.597072		-30.404723		1.6881		gold		0.0243
1.2.2		3.596395		-30.406143		1.6881		gold		0.0069
1.3.2		3.585748		-30.4101		1.6881		gold		0.0054
1.1.3		3.597756		-30.40353		1.6881		gold		0.0034
1.2.3		3.595528		-30.407199		1.6881		gold		0.0015
1.3.3		3.586459		-30.409871		1.6881		gold		0.0048
1.1.4		3.598082		-30.40398		1.6881		gold		0.0028
1.2.4		3.595722		-30.407546		1.6881		gold		0.0008
1.3.4		3.587383		-30.410152		1.6881		gold		0.0039
2.1.1		3.583265		-30.403339		1.8868		gold		0.007
2.2.1		3.597289		-30.396712		1.8868		gold		0.0065
2.3.1		3.585369		-30.399878		1.8868		gold		0.0226
2.4.1		3.586412		-30.402127		1.8868		gold		0.0102
2.1.2		3.583029		-30.403189		1.8868		gold		0.0319
2.2.2		3.597138		-30.396639		1.8868		gold		0.0108
2.3.2		3.585134		-30.399668		1.8868		gold		0.0094
2.4.2		3.586438		-30.40187		1.8868		gold		0.0192
2.1.3		3.582994		-30.40305		1.8868		gold		0.0062
2.2.3		3.597095		-30.39658		1.8868		gold		0.01
2.3.3		3.585017		-30.399625		1.8868		gold		0.0047
2.4.3		3.586394		-30.401765		1.8868		gold		0.0267
2.1.4		3.582918		-30.40293		1.8868		gold		0.0188
2.2.4		3.597052		-30.396527		1.8868		gold		0.0148
2.3.4		3.584915		-30.39958		1.8868		gold		0.0194
2.4.4		3.586353		-30.401632		1.8868		gold		0.0065
2.1.5		3.582828		-30.402793		1.8868		gold		0.0239
2.2.5		3.59699			-30.396469		1.8868		gold		0.0132
2.3.5		3.584819		-30.399517		1.8868		gold		0.0163
2.4.5		3.586322		-30.40149		1.8868		gold		0.0007
2.1.6		3.582772		-30.402683		1.8868		gold		0.0234
2.2.6		3.596942		-30.396421		1.8868		gold		0.0136
2.3.6		3.584722		-30.399463		1.8868		gold		0.0145
2.4.6		3.584719		-30.399462		1.8868		gold		0.0094
2.1.7		3.58253			-30.402313		1.8868		gold		0.0071
2.2.7		3.596734		-30.396291		1.8868		gold		0.0071
2.3.7		3.584473		-30.399289		1.8868		gold		0.0107
2.4.7		3.586236		-30.400869		1.8868		gold		0.0188
3.1.1		3.588807		-30.393797		3.9805		gold		0.0123
3.2.1		3.589375		-30.393857		3.9805		gold		0.0122
3.1.2		3.589222		-30.393844		3.9805		gold		0.1131
3.2.2		3.588965		-30.393815		3.9805		gold		0.1059
3.1.3		3.589487		-30.393869		3.9805		gold		0.022
3.2.3		3.588639		-30.393785		3.9805		gold		0.0072
4.1.1		3.592126		-30.40266		3.577		gold		0.0046
4.2.1		3.595674		-30.401633		3.577		gold		0.0025
4.3.1		3.580452		-30.408946		3.577		gold		0.0035
4.4.1		3.5931933		-30.404915		3.5769		gold		0.001
4.5.1		3.593651		-30.405117		3.577		gold		0.0021
4.1.2		3.592098		-30.402527		3.577		gold		0.0021
4.2.2		3.595567		-30.401518		3.577		gold		0.0025
5.1		3.5869257		-30.390704		4.0225		gold		0.0034
5.2		3.5849816		-30.391374		4.0225		gold		0.0071
5.3		3.5799583		-30.394772		4.0225		gold		0.1197
6.1		3.598541		-30.401792		2.0171		gold		0.0018
6.2		3.594058		-30.407999		2.0171		gold		0.0048
6.3		3.586433		-30.409363		2.0171		gold		0.009
7.1		3.5982604		-30.402326		2.5791		silver		0.0255
7.2		3.5952195		-30.407412		2.5791		silver		0.0076
7.3		3.5845989		-30.409822		2.5791		silver		0.0379
8.1		3.589712		-30.394335		3.9764		gold		0.0055
8.2		3.588831		-30.394202		3.9764		gold		0.0222
8.3		3.5763966		-30.402554		3.975		gold		0.0059
9.1		3.58839			-30.405272		2.3556		silver		0.0089
9.2		3.5871362		-30.406229		2.3556		silver		0.0184
10.1		3.5884011		-30.40588		2.6565		gold		0.0043
10.2		3.5873776		-30.406485		2.6565		gold		0.0048
11.1		3.591393		-30.403847		2.4508		silver		0.0347
11.2		3.5972708		-30.401435		2.4508		silver		0.0428
11.3		3.5828051		-30.40891		2.4508		silver		0.0398
11.4		3.5945298		-30.406546		2.4508		silver		0.0362
12.2		3.5932349		-30.403259		3.6388		silver		0.006
12.3		3.5945646		-30.402986		3.6388		silver		0.0028
13.1		3.5923985		-30.402536		1.3905		silver		0.0249
13.2		3.59377			-30.40217		1.3905		silver		0.037
13.3		3.5827578		-30.408035		1.3905		silver		0.0209
14.1		3.5897344		-30.394638		2.571		silver		0.1957
14.2		3.5884245		-30.394434		2.571		silver		0.2043
14.3		3.5775729		-30.401688		2.571		silver		0.0036
18.1		3.576124		-30.404472		5.6624		gold		0.0056
18.2		3.588377		-30.39563		5.6624		gold		0.0057
18.3		3.59073			-30.395543		5.6624		gold		0.0185
20.1		3.5962413		-30.40297		2.5127		silver		0.0961
20.2		3.5951992		-30.405437		2.5127		silver		0.0405
20.3		3.5820007		-30.409552		2.5127		silver		0.0477
21.1		3.5961754		-30.403112		2.564		silver		0.0305
21.2		3.5952536		-30.40534		2.564		silver		0.0166
21.3		3.5819601		-30.40961		2.564		silver		0.0304
22.1		3.587924		-30.411608		5.2844		gold		0.0053
22.2		3.600048		-30.404415		5.2844		gold		0.004
22.3		3.596592		-30.408989		5.2844		gold		0.0029
23.1		3.5881623		-30.410545		4.4156		silver		0.0167
23.2		3.5935338		-30.409717		4.4156		silver		0.0022
23.3		3.6005416		-30.401831		4.4156		silver		0.0063
24.1		3.5959003		-30.40448		1.043		gold		0.0128
24.2		3.595125		-30.405933		1.043		gold		0.0026
24.3		3.5873333		-30.409102		1.043		gold		0.0059
25.1		3.5944626		-30.402732		1.2168		silver		0.0427
25.2		3.59215			-30.403318		1.2168		silver		0.0383
25.3		3.5842145		-30.408281		1.2168		silver		0.0196
26.1.1		3.593898		-30.409724		3.0542		gold		0.0035
26.2.1		3.590353		-30.410575		3.0542		gold		0.0037
26.3.1		3.600112		-30.402939		3.0542		gold		0.0019
26.1.2		3.593993		-30.409699		3.0542		gold		0.0013
26.2.2		3.590272		-30.41061		3.0542		gold		0.0059
26.1.3		3.594031		-30.409604		3.0542		gold		0.007
26.2.3		3.589969		-30.410593		3.0542		gold		0.0038
28.1		3.5804479		-30.405051		6.5166		silver		0.0047
28.2		3.5978333		-30.395964		6.5166		silver		0.0042
28.3		3.5853176		-30.397958		6.5166		silver		0.0012
28.4		3.5874511		-30.401372		6.5166		silver		0.0026
29.1		3.5824475		-30.397567		1.9859		silver		0.0037
29.2		3.5805261		-30.400464		1.9859		silver		0.0259
30.1		3.5910104		-30.39744		1.0252		gold		0.003
30.2		3.5866771		-30.398188		1.0252		gold		0.0009
30.3		3.5819245		-30.4017		1.0252		gold		0.0022
31.1		3.585934		-30.403159		4.7594		gold		0.0021
31.2		3.5837083		-30.404105		4.7594		gold		0.0019
32.1		3.5835963		-30.404705		5.6678		silver		0.0091
32.2		3.5866709		-30.403345		5.6678		silver		0.0245
32.3		3.5997765		-30.395981		5.6678		silver		0.0114
33.1		3.584712		-30.403146		5.7256		gold		0.0168
33.2		3.584397		-30.403393		5.7256		gold		0.0089
33.3		3.6004183		-30.39511		5.7255		gold		0.005
34.1		3.593428		-30.410834		3.784		gold		0.0363
34.2		3.593812		-30.410714		3.784		gold		0.0538
34.3		3.600711		-30.404593		3.784		gold		0.0034
37.1		3.5890417		-30.394913		2.6501		gold		0.01
37.2		3.5887083		-30.394852		2.6501		gold		0.0014
39.1		3.5887917		-30.39253		4.015		gold		0.1151
39.2		3.5885417		-30.392508		4.015		gold		0.0484
39.3		3.5774787		-30.399568		4.015		gold		0.0045
40.1		3.5890859		-30.392668		4		gold		0.035
40.2		3.5881935		-30.392551		4		gold		0.0269
41.1		3.5991758		-30.399582		4.9113		gold		0.004
41.2		3.5935571		-30.407769		4.9113		gold		0.0038
41.3		3.5834467		-30.4085		4.9113		gold		0.0044
41.4		3.590617		-30.404459		4.9113		gold		0.0014
42.1		3.597313		-30.400605		3.6919		gold		0.0043
42.2		3.590956		-30.403252		3.6919		gold		0.0009
42.3		3.58159			-30.408631		3.6919		gold		0.002
42.4		3.594245		-30.406388		3.6919		gold		0.0028
42.5		3.592415		-30.405197		3.6919		gold		0.0052
47.1		3.5901625		-30.392181		4.0225		gold		0.0011
47.2		3.5858417		-30.392244		4.0225		gold		0.0026
47.3		3.5783292		-30.398133		4.0225		gold		0.0055
53.1		3.579842		-30.401592		6.8098		silver		0.029
53.2		3.5835495		-30.396703		6.8098		silver		0.0414
54.1		3.592345		-30.409895		5.4223		silver		0.0084
54.2		3.5882578		-30.410328		5.4223		silver		0.0073
61.1		3.595522		-30.403485		2.9509		gold		0.0017
61.2		3.595138		-30.404471		2.9509		gold		0.001
62.1		3.591326		-30.398643		4.1936		gold		0.005
62.2		3.590582		-30.398918		4.1936		gold		0.0066
63.1		3.582214		-30.407142		5.6615		gold		0.0001
63.2		3.592836		-30.407032		5.6615		gold		0.0019
63.3		3.589153		-30.403427		5.6615		gold		0.0004
63.4		3.59883			-30.398273		5.6615		gold		0.0026
64.1		3.581203		-30.398734		3.4086		gold		0.0076
64.3		3.59642			-30.394264		3.4086		gold		0.0032
105.1		3.5834304		-30.39207		4.0225		gold		0.0015
105.2		3.5822917		-30.392789		4.0225		gold		0.0063
147.1		3.5896792		-30.392136		4.0225		gold		0.001
147.2		3.5864542		-30.392128		4.0225		gold		0.0086
147.3		3.5780083		-30.398392		4.0225		gold		0.0023


# Multiple image of Abell S1063
# ID		R.A. (J2000)		Decl. (J2000)		z		Class		Delta_rms (arcsec)
1.1		342.19446		-44.526987		1.228		gold		0.0036
1.2		342.195863		-44.528929		1.228		gold		0.0072
1.3		342.186429		-44.521196		1.228		gold		0.0082
2.1		342.192683		-44.531195		1.259		gold		0.0047
2.2		342.192103		-44.52983		1.259		gold		0.0233
2.3		342.179742		-44.521566		1.259		gold		0.0059
3.1		342.195513		-44.532112		1.9978^{**}	silver		0.0024
3.2		342.193934		-44.528687		1.9978^{**}	silver		0.0097
3.3		342.178629		-44.519524		1.9978^{**}	silver		0.0069
4.1		342.193694		-44.530139		1.258		gold		0.1909
4.2		342.193298		-44.529402		1.258		gold		0.148
4.3		342.181657		-44.521385		1.258		gold		0.0034
5.1		342.179174		-44.523584		1.397		gold		0.0057
5.2		342.187807		-44.527313		1.397		gold		0.002
5.3		342.19314		-44.536522		1.397		gold		0.0053
6.1		342.174191		-44.528332		1.428		gold		0.0065
6.2		342.175834		-44.532538		1.428		gold		0.0028
6.3		342.188451		-44.54			1.428		gold		0.0056
7.1		342.169407		-44.527224		1.837		gold		0.0286
7.2		342.174267		-44.537099		1.837		gold		0.0286
7.3		342.181867		-44.540491		1.837		gold		0.0081
8.1		342.16793		-44.526204		2.4487^{**}	silver		0.0158
8.2		342.174621		-44.538403		2.4487^{**}	silver		0.0116
8.3		342.180771		-44.540884		2.4487^{**}	silver		0.0317
9.1		342.167797		-44.526269		2.4261^{**}	silver		0.021
9.2		342.174777		-44.538587		2.4261^{**}	silver		0.057
9.3		342.180308		-44.540821		2.4261^{**}	silver		0.0085
10.1		342.190218		-44.529764		0.73		gold		0.0048
10.2		342.189531		-44.528818		0.73		gold		0.0015
11.1		342.175044		-44.541022		3.117		gold		0.296
11.2		342.173153		-44.539985		3.117		gold		0.0015
11.3		342.165571		-44.52953		3.117		gold		0.0193
12.1		342.189034		-44.530024		6.11		gold		0.0094
12.2		342.181057		-44.534611		6.11		gold		0.0025
12.3		342.19089		-44.537464		6.11		gold		0.0042
12.4		342.171304		-44.519812		6.11		gold		0.0071
12.5		342.184103		-44.531637		6.11		gold		0.0009
13.1		342.181524		-44.539357		4.113		gold		0.0007
13.2		342.179164		-44.538688		4.113		gold		0.0007
14.1		342.178859		-44.535871		3.118		gold		0.0037
14.2		342.187426		-44.538691		3.118		gold		0.0023
14.3		342.170662		-44.522092		3.118		gold		0.0048
15.1		342.1917		-44.530514		3.06		gold		0.0056
15.2		342.192557		-44.534409		3.06		gold		0.0123
15.3		342.173685		-44.519391		3.06		gold		0.0042
16.1		342.166229		-44.53365		3.1654^{**}	silver		0.0098
16.2		342.166801		-44.534904		3.1654^{**}	silver		0.0056
16.3		342.177823		-44.54307		3.1654^{**}	silver		0.0074
17.1		342.185825		-44.538863		3.606		gold		0.007
17.2		342.179086		-44.536691		3.606		gold		0.0048
17.3		342.16978		-44.52195		3.606		gold		0.0053
19.1		342.180062		-44.538416		1.035		gold		0.0106
19.2		342.175475		-44.535862		1.035		gold		0.0023
19.3		342.17193		-44.53024		1.035		gold		0.0062
20.1		342.216022		-44.519471		2.16		silver		0.0024
20.2		342.21539		-44.519079		2.16		silver		0.0204
20.3		342.214167		-44.516827		2.16		silver		0.0065
21.1		342.186752		-44.52727		0.7531^{**}	silver		0.0005
21.2		342.185633		-44.526578		0.7531^{**}	silver		0.0011
23.1		342.17092		-44.529593		4.9206^{**}	silver		0.0124
23.2		342.171562		-44.532362		4.9206^{**}	silver		0.0212
25.1		342.21518		-44.519237		1.22		silver		0.0209
25.2		342.214731		-44.518847		1.22		silver		0.0025
25.3		342.21442		-44.518012		1.22		silver		0.0055
31.1		342.198547		-44.520788		2.5226^{**}	silver		0.008
31.2		342.197287		-44.519763		2.5226^{**}	silver		0.0048
32.1		342.180231		-44.539262		3.3718^{**}	silver		0.0065
32.2		342.178939		-44.538851		3.3718^{**}	silver		0.012
34.1		342.190999		-44.523304		1.9233^{**}	silver		0.0011
34.4		342.188767		-44.522071		1.9233^{**}	silver		0.0007
43.1		342.177274		-44.540697		1.6844^{**}	silver		0.0144
43.2		342.171644		-44.537175		1.6844^{**}	silver		0.0074
43.3		342.168078		-44.531482		1.6844^{**}	silver		0.0037
44.1		342.198367		-44.535758		2.976		gold		0.0046
44.2		342.192403		-44.525047		2.976		gold		0.0023
44.3		342.181513		-44.520255		2.976		gold		0.0092
45.1		342.198886		-44.534745		2.7141^{**}	silver		0.0102
45.2		342.193286		-44.524834		2.7141^{**}	silver		0.011
45.3		342.183098		-44.519884		2.7141^{**}	silver		0.0228
46.1		342.191691		-44.536685		1.2718^{**}	silver		0.0165
46.2		342.186589		-44.528263		1.2718^{**}	silver		0.0352
46.3		342.178417		-44.524419		1.2718^{**}	silver		0.0204
47.1		342.193051		-44.535521		2.6776^{**}	silver		0.0209
47.2		342.174495		-44.52008		2.6776^{**}	silver		0.0054
47.2		342.191236		-44.529232		2.6776^{**}	silver		0.022
48.2		342.21795		-44.518754		2.84		silver		0.0056
48.3		342.217856		-44.518354		2.84		silver		0.0152
49.1		342.191928		-44.536821		1.2549^{**}	silver		0.0157
49.2		342.186284		-44.528052		1.2549^{**}	silver		0.0209
50.1		342.187113		-44.529094		1.5539^{**}	silver		0.032
50.2		342.181017		-44.532437		1.5539^{**}	silver		0.0109
50.3		342.175664		-44.523176		1.5539^{**}	silver		0.0126
51.1		342.19744		-44.530602		2.3999^{**}	silver		0.0053
51.2		342.1964		-44.528404		2.3999^{**}	silver		0.008
53.1		342.179551		-44.535725		3.1648^{**}	silver		0.0427
53.2		342.18774		-44.538308		3.1648^{**}	silver		0.0706
53.3		342.170875		-44.521668		3.1648^{**}	silver		0.0455
54.1		342.180011		-44.535595		3.1398^{**}	silver		0.007
54.2		342.187886		-44.538025		3.1398^{**}	silver		0.0915
54.3		342.170944		-44.521484		3.1398^{**}	silver		0.0303
55.1		342.178244		-44.535982		2.9751^{**}	silver		0.0038
55.2		342.187175		-44.539048		2.9751^{**}	silver		0.006
56.1		342.178271		-44.535826		3.007^{**}	silver		0.0038
56.2		342.187666		-44.539			3.007^{**}	silver		0.0083
57.1		342.188756		-44.522771		5.237		gold		0.0028
57.2		342.18378		-44.521233		5.237		gold		0.0013
58.1		342.190836		-44.535657		5.051		gold		0.0032
58.2		342.190144		-44.530948		5.051		gold		0.0049
59.1		342.181653		-44.54065		1.875		gold		0.0023
59.2		342.17346		-44.536597		1.875		gold		0.0189
59.3		342.169528		-44.528625		1.875		gold		0.0198
62.1		342.183917		-44.535313		6.108		gold		0.0037
62.2		342.18846		-44.536174		6.108		gold		0.0032
70.1		342.176327		-44.520671		3.713		gold		0.0056
70.2		342.190991		-44.526777		3.713		gold		0.0017
70.3		342.195692		-44.53743		3.713		gold		0.0036



# ID		R.A. (J2000)		Decl. (J2000)		z		Class		Delta_rms (arcsec)
1.1		64.049084		-24.062862		3.237		gold		0.0012
1.2		64.046959		-24.060797		3.237		gold		0.0045
1.3		64.046449		-24.060397		3.237		gold		0.0072
2.1.1		64.050874		-24.066542		6.1485		gold		0.0018
2.2.1		64.047842		-24.062059		6.1485		gold		0.0087
2.3.1		64.043586		-24.059005		6.1485		gold		0.0037
2.1.2		64.050804		-24.06641		6.1485		gold		0.0045
2.2.2		64.048175		-24.062403		6.1485		gold		0.0057
2.3.2		64.043408		-24.058915		6.1485		gold		0.0062
3.1		64.049232		-24.068174		3.29		gold		0.0061
3.2		64.045269		-24.062763		3.29		gold		0.0056
3.3		64.041556		-24.059997		3.29		gold		0.0027
4.1		64.048126		-24.066957		2.107		gold		0.0106
4.2		64.047468		-24.066039		2.107		gold		0.0005
4.3		64.042209		-24.060541		2.107		gold		0.0033
5.1.1		64.047367		-24.068671		1.8961		gold		0.0212
5.2.1		64.043479		-24.063523		1.8961		gold		0.0155
5.3.1		64.040783		-24.061609		1.8961		gold		0.0019
5.1.2		64.047462		-24.068823		1.8961		gold		0.0044
5.2.2		64.043075		-24.063084		1.8961		gold		0.0167
5.3.2		64.041083		-24.061802		1.8961		gold		0.0117
5.1.3		64.047483		-24.068851		1.8961		gold		0.0157
5.2.3		64.043021		-24.063021		1.8961		gold		0.0192
5.3.3		64.041162		-24.061848		1.8961		gold		0.0007
5.1.4		64.047583		-24.068884		1.8961		gold		0.0192
5.2.4		64.042908		-24.062865		1.8961		gold		0.006
5.3.4		64.041479		-24.061979		1.8961		gold		0.0096
5.1.5		64.04765		-24.068971		1.8961		gold		0.02
5.2.5		64.042762		-24.062771		1.8961		gold		0.0165
5.3.5		64.041704		-24.062128		1.8961		gold		0.0013
5.1.6		64.047737		-24.069012		1.8961		gold		0.0267
5.2.6		64.042571		-24.062628		1.8961		gold		0.0445
5.3.6		64.042071		-24.062319		1.8961		gold		0.0002
6.1		64.047808		-24.070164		3.607		gold		0.0048
6.2		64.043657		-24.064401		3.607		gold		0.0025
6.3		64.037676		-24.060756		3.607		gold		0.0039
7.1		64.047098		-24.071105		2.085		gold		0.0047
7.2		64.040664		-24.063586		2.085		gold		0.016
7.3		64.039795		-24.063081		2.085		gold		0.0094
8.1		64.044624		-24.071488		2.282		gold		0.0031
8.2		64.040485		-24.06633		2.282		gold		0.019
8.3		64.034256		-24.062997		2.282		gold		0.0128
9.1.1		64.045104		-24.072345		3.2899		gold		0.0118
9.2.1		64.040079		-24.066738		3.2899		gold		0.0115
9.1.2		64.04535		-24.072512		3.2899		gold		0.0237
9.2.2		64.039996		-24.066651		3.2899		gold		0.0094
9.1.3		64.045504		-24.072672		3.2899		gold		0.009
9.2.3		64.039925		-24.066616		3.2899		gold		0.0031
10.1		64.044564		-24.072092		2.093		gold		0.0157
10.2		64.039576		-24.066623		2.093		gold		0.0077
10.3		64.034336		-24.063734		2.093		gold		0.0105
11.1		64.046841		-24.075385		3.292		gold		0.0045
11.2		64.038515		-24.065965		3.292		gold		0.0059
11.3		64.035223		-24.064731		3.292		gold		0.0089
12.1.1		64.040923		-24.071151		0.9392		gold		0.008
12.2.1		64.036838		-24.067456		0.9392		gold		0.0004
12.3.1		64.036504		-24.067024		0.9392		gold		0.0076
12.2.2		64.036658		-24.067316		0.9392		gold		0.0033
12.3.2		64.036592		-24.067231		0.9392		gold		0.0033
12.2.3		64.036567		-24.067368		0.9392		gold		0.0031
12.3.3		64.036496		-24.067272		0.9392		gold		0.0029
12.2.4		64.036283		-24.067485		0.9392		gold		0.0142
12.3.4		64.036267		-24.067462		0.9392		gold		0.0302
12.2.5		64.036904		-24.067201		0.9392		gold		0.0317
12.3.5		64.036833		-24.067101		0.9392		gold		0.0343
12.2.6		64.036608		-24.067572		0.9392		gold		0.0109
12.3.6		64.036292		-24.067157		0.9392		gold		0.0107
13.1		64.039245		-24.070383		1.0055		gold		0.001
13.2		64.038301		-24.069728		1.0055		gold		0.0036
13.3		64.034234		-24.066016		1.0055		gold		0.0058
14.1.1		64.034492		-24.066956		3.2226		gold		0.334
14.2.1		64.034188		-24.066485		3.2226		gold		0.0904
14.3.1		64.034			-24.066439		3.2226		gold		0.1663
14.4.1		64.033967		-24.066901		3.2226		gold		0.3227
14.5.1		64.035171		-24.067919		3.2226		gold		0.0215
14.6.1		64.046063		-24.076785		3.2226		gold		0.0146
14.1.2		64.034467		-24.06686		3.2226		gold		0.0719
14.2.2		64.034304		-24.066543		3.2226		gold		0.0297
14.3.2		64.0339			-24.066493		3.2226		gold		0.1541
15.1.1		64.041804		-24.075731		1.9904		gold		0.0083
15.2.1		64.03525		-24.070988		1.9904		gold		0.02
15.3.1		64.030771		-24.067126		1.9904		gold		0.0192
15.1.2		64.041833		-24.075826		1.9904		gold		0.0055
15.2.2		64.035171		-24.071002		1.9904		gold		0.0067
15.3.2		64.030771		-24.067217		1.9904		gold		0.0234
15.1.3		64.042096		-24.075976		1.9904		gold		0.005
15.2.3		64.035008		-24.070843		1.9904		gold		0.0157
15.3.3		64.030996		-24.067308		1.9904		gold		0.0093
16.1.1		64.033596		-24.0695		2.0955		gold		0.2418
16.2.1		64.0326			-24.068616		2.0955		gold		0.2259
16.3.1		64.032446		-24.068435		2.0955		gold		0.1283
16.4.1		64.043562		-24.076956		2.0955		gold		0.0064
16.1.2		64.033525		-24.069446		2.0955		gold		0.0344
16.2.2		64.03265		-24.068659		2.0955		gold		0.006
16.3.2		64.032413		-24.068414		2.0955		gold		0.013
17.1		64.040496		-24.078397		3.968		gold		0.0034
17.2		64.035108		-24.073855		3.968		gold		0.0062
17.3		64.027163		-24.068238		3.968		gold		0.0064
18.1		64.040177		-24.079872		3.8734		gold		0.0165
18.2		64.033937		-24.074565		3.8734		gold		0.0042
18.3		64.026833		-24.069967		3.8734		gold		0.0217
19.1		64.040129		-24.080313		4.103		gold		0.0074
19.2		64.033667		-24.074766		4.103		gold		0.0047
19.3		64.026596		-24.070494		4.103		gold		0.0116
20.1.1		64.04035		-24.081474		3.219		gold		0.0063
20.2.1		64.032162		-24.075098		3.219		gold		0.005
20.3.1		64.027571		-24.072671		3.219		gold		0.002
20.1.3		64.040325		-24.081228		3.219		gold		0.006
20.3.3		64.027454		-24.072209		3.219		gold		0.0072
21.2		64.030775		-24.074169		5.1093		gold		0.0015
21.3		64.029292		-24.073327		5.1093		gold		0.0016
23.1		64.035668		-24.07992		2.5435		gold		0.02
23.2		64.032638		-24.078508		2.5435		gold		0.0138
23.3		64.02462		-24.071459		2.5435		gold		0.01
24.1		64.035833		-24.081321		1.6341		gold		0.0082
24.2		64.031039		-24.078953		1.6341		gold		0.0079
24.3		64.026239		-24.074337		1.6341		gold		0.0106
25.1		64.038073		-24.082404		3.1127		gold		0.0878
25.2		64.030366		-24.079015		3.1127		gold		0.0476
25.3		64.025446		-24.073648		3.1127		gold		0.0138
26.1		64.037722		-24.082388		3.0786		gold		0.0404
26.2		64.030484		-24.079222		3.0786		gold		0.0215
26.3		64.025186		-24.073575		3.0786		gold		0.0106
27.1		64.037469		-24.083657		3.492		gold		0.0062
27.2		64.029409		-24.079889		3.492		gold		0.0044
27.3		64.024946		-24.075021		3.492		gold		0.006
28.1		64.03835		-24.084126		3.2542		gold		0.012
28.2		64.028322		-24.079004		3.2542		gold		0.0152
28.3		64.02633		-24.076705		3.2542		gold		0.0248
29.1		64.036696		-24.08391		2.298		gold		0.0066
29.2		64.028408		-24.079743		2.298		gold		0.0074
29.4		64.026054		-24.077252		2.298		gold		0.0049
30.1		64.033628		-24.083185		3.4426		gold		0.0055
30.2		64.031251		-24.081904		3.4426		gold		0.0086
30.3		64.022699		-24.074595		3.4426		gold		0.0066
31.1		64.035486		-24.084679		4.1246		gold		0.0046
31.2		64.029234		-24.081813		4.1246		gold		0.0106
31.3		64.023412		-24.076125		4.1246		gold		0.0077
32.1		64.035054		-24.085504		5.3691		gold		0.0016
32.2		64.028403		-24.082993		5.3691		gold		0.0061
32.3		64.022988		-24.077265		5.3691		gold		0.0072
33.1		64.032017		-24.08423		5.973		gold		0.0013
33.2		64.030821		-24.083697		5.973		gold		0.0025
34.2		64.027632		-24.082609		3.9246		gold		0.0029
34.3		64.023731		-24.078477		3.9246		gold		0.002
35.1		64.033729		-24.085702		5.6417		gold		0.0069
35.2		64.028662		-24.084216		5.6417		gold		0.0027
35.3		64.022125		-24.077279		5.6417		gold		0.0129
36.1		64.031614		-24.085762		1.9626		gold		0.0075
36.2		64.028339		-24.084553		1.9626		gold		0.008
36.3		64.024074		-24.080895		1.9626		gold		0.0061
37.1		64.029809		-24.086363		2.2196		gold		0.0035
37.2		64.02861		-24.085973		2.2196		gold		0.0016
37.3		64.023345		-24.08158		2.2196		gold		0.0011
101.1		64.048082		-24.074314		4.3029		gold		0.0144
101.2		64.039685		-24.064269		4.3029		gold		0.0214
101.3		64.036549		-24.063271		4.3029		gold		0.0289
102.1		64.048412		-24.073606		6.068		gold		0.0052
102.2		64.040998		-24.064084		6.068		gold		0.008
102.3		64.036405		-24.062218		6.068		gold		0.0129
103.1		64.048181		-24.07089		4.1169		gold		0.0048
103.2		64.042892		-24.063898		4.1169		gold		0.0131
103.3		64.037669		-24.061026		4.1169		gold		0.0043
104.1		64.043922		-24.075066		4.073		gold		0.0146
104.2		64.037232		-24.069674		4.073		gold		0.0046
104.3		64.031061		-24.064303		4.073		gold		0.0084
105.1		64.046427		-24.076733		4.0735		gold		0.0082
105.2		64.035986		-24.067871		4.0735		gold		0.0006
105.3		64.033727		-24.065794		4.0735		gold		0.0516
106.1		64.047744		-24.068648		4.1162		gold		0.0059
106.2		64.045866		-24.065809		4.1162		gold		0.0057
106.3		64.037746		-24.059831		4.1162		gold		0.0043
107.1		64.046032		-24.068796		2.9209		gold		0.0231
107.2		64.044766		-24.066694		2.9209		gold		0.0084
107.3		64.036203		-24.060649		2.9209		gold		0.0093
108.1		64.046513		-24.076163		4.61		gold		0.0116
108.2		64.036659		-24.068027		4.61		gold		0.0455
108.3		64.033508		-24.065017		4.61		gold		0.0708
109.1		64.043756		-24.073669		2.9912		gold		0.0229
109.2		64.037761		-24.068837		2.9912		gold		0.0071
110.1		64.042733		-24.072187		4.3008		gold		0.0041
110.2		64.03916		-24.069769		4.3008		gold		0.0056
112.1		64.049288		-24.070949		6.1487		gold		0.0066
112.2		64.0433			-24.062949		6.1487		gold		0.0106
112.3		64.038892		-24.06064		6.1487		gold		0.007
113.1		64.045972		-24.074033		5.999		gold		0.0054
113.2		64.03985		-24.066907		5.999		gold		0.0051
133.1		64.038263		-24.073696		1.953		gold		0.0118
133.2		64.037686		-24.073294		1.953		gold		0.0045
133.3		64.029117		-24.066742		1.953		gold		0.006
134.1		64.02686		-24.075745		2.334		gold		0.0046
134.2		64.029438		-24.078583		2.334		gold		0.0018
134.3		64.038217		-24.082993		2.334		gold		0.0049
135.1		64.026075		-24.084233		2.221		gold		0.0134
135.2		64.025067		-24.08335		2.221		gold		0.052
135.3		64.0309			-24.086744		2.221		gold		0.0014
136.1		64.023818		-24.077589		1.8178		gold		0.0034
136.2		64.030483		-24.08268		1.8178		gold		0.0001
136.3		64.032434		-24.083745		1.8178		gold		0.0084
137.1		64.0347937		-24.0745808		3.2195		gold		0.0177
137.2		64.0396883		-24.078863		3.2195		gold		0.0204
137.3		64.026793		-24.069214		3.2195		gold		0.0066
138.1		64.0356699		-24.0835859		3.291		gold		0.001
138.2		64.0300963		-24.0809176		3.291		gold		0.0031
138.3		64.0238444		-24.0749986		3.291		gold		0.0028
139.1		64.026224		-24.076036		2.9259		gold		0.0056
139.2		64.028843		-24.079126		2.9259		gold		0.0062
140.1		64.027123		-24.073566		3.923		gold		0.0022
140.2		64.031165		-24.077041		3.923		gold		0.0143
141.1		64.038101		-24.082315		2.23		gold		0.0403
141.2		64.026635		-24.074675		2.23		gold		0.0126
141.3		64.030133		-24.078585		2.23		gold		0.0294
142.1		64.040366		-24.07305		1.14717		gold		0.0062
142.2		64.0332786		-24.0674784		1.14717		gold		0.0111
143.1		64.0467905		-24.0638136		5.0996		gold		0.0005
143.2		64.0406072		-24.0592053		5.0996		gold		0.0044
143.3		64.0495342		-24.0680944		5.0996		gold		0.0104
144.1		64.0411002		-24.0630811		2.243		gold		0.0016
144.2		64.0409274		-24.0629679		2.243		gold		0.0007
145.1		64.0368471		-24.0663452		1.827		gold		0.003
145.2		64.0366034		-24.0661241		1.827		gold		0.0038
146.1		64.029633		-24.076182		3.075		gold		0.0038
146.2		64.028901		-24.075534		3.075		gold		0.0098
147.1		64.024719		-24.077179		4.53		gold		0.0013
147.2		64.027698		-24.080743		4.53		gold		0.0013
148.1		64.033053		-24.076037		4.5018		gold		0.0097
148.2		64.039296		-24.081444		4.5018		gold		0.0054
148.3		64.025623		-24.071287		4.5018		gold		0.012
149.1		64.040053		-24.079111		5.106		gold		0.0395
149.2		64.026264		-24.068715		5.106		gold		0.0032
149.3		64.03492		-24.074583		5.106		gold		0.0286
150.1		64.03764		-24.080486		2.28		gold		0.01
150.2		64.032878		-24.077001		2.28		gold		0.0017
150.3		64.025766		-24.072231		2.28		gold		0.0088
151.1		64.035961		-24.082552		3.7153		gold		0.0015
151.2		64.031081		-24.0803025		3.7153		gold		0.0011



# Multiple images of MACS J0717.5+3745
# ID		R.A. (J2000)		Decl. (J2000)		z		Class		Delta_rms (arcsec)
1.1		109.39534		37.741178		2.963		gold		0.0123
1.2		109.39382		37.740095		2.963		gold		0.012
1.3		109.39098		37.73828		2.963		gold		0.0013
1.4		109.38436		37.736945		2.963		gold		0.0125
1.5		109.40578		37.761378		2.963		gold		0.0065
2.1		109.39281		37.74101		2.72		silver		0.0012
2.2		109.39043		37.739245		2.72		silver		0.009
3.1		109.39855		37.741495		1.855		gold		0.0042
3.2		109.39446		37.739176		1.855		gold		0.0016
3.3		109.40715		37.753827		1.855		gold		0.0125
4.1		109.38088		37.750127		1.855		gold		0.0122
4.2		109.37644		37.744696		1.855		gold		0.0035
4.3		109.39109		37.763296		1.855		gold		0.0078
5.1		109.37991		37.746861		4.0224		silver		0.0253
5.2		109.37791		37.74281		4.0224		silver		0.1045
5.3		109.40003		37.767399		4.0224		silver		0.0642
6.1		109.36436		37.757091		2.393		gold		0.0003
6.2		109.36271		37.752693		2.393		gold		0.0035
6.3		109.37388		37.769711		2.393		gold		0.0099
7.1		109.36657		37.766343		2.23		silver		0.0021
7.2		109.36505		37.764125		2.23		silver		0.0038
7.3		109.35905		37.75178		2.23		silver		0.0107
8.1		109.36665		37.769694		2.7539^{**}	silver		0.2614
8.2		109.36208		37.763125		2.7539^{**}	silver		0.0113
8.3		109.35652		37.751928		2.7539^{**}	silver		0.0161
12.1		109.38516		37.751844		1.699		gold		0.0087
12.2		109.37762		37.742878		1.699		gold		0.0034
12.3		109.39122		37.760626		1.699		gold		0.0095
13.1		109.38567		37.750733		2.547		gold		0.0036
13.2		109.37756		37.739627		2.547		gold		0.0066
13.3		109.39621		37.763333		2.547		gold		0.0057
14.1		109.38879		37.752163		1.855		gold		0.0052
14.2		109.37966		37.739707		1.855		gold		0.0049
14.3		109.39619		37.760427		1.855		gold		0.0044
15.1		109.36766		37.772059		2.405		gold		0.004
15.2		109.35862		37.760127		2.405		gold		0.0003
15.3		109.35654		37.754641		2.405		gold		0.0046
16.1		109.36916		37.773279		2.8652^{**}	silver		0.0228
16.2		109.35856		37.759558		2.8652^{**}	silver		0.0916
16.3		109.35694		37.753691		2.8652^{**}	silver		0.0046
17.1		109.36938		37.771869		2.4828^{**}	silver		0.0098
17.2		109.35938		37.758792		2.4828^{**}	silver		0.0106
17.3		109.35822		37.753609		2.4828^{**}	silver		0.0088
18.1		109.36425		37.768628		2.7133^{**}	silver		0.014
18.2		109.36121		37.764326		2.7133^{**}	silver		0.0118
19.1		109.40906		37.754681		6.4		gold		0.0017
19.2		109.40772		37.742731		6.4		gold		0.0246
19.3		109.38105		37.731391		6.4		gold		0.0061
20.1		109.3742		37.765145		3.1175^{**}	silver		0.0305
20.2		109.3734		37.764661		3.1175^{**}	silver		0.0295
23.1		109.37958		37.762879		3.3564^{**}	silver		0.0055
23.2		109.37897		37.761983		3.3564^{**}	silver		0.0085
25.1		109.38029		37.744746		4.0407^{**}	silver		0.1097
25.2		109.37951		37.742762		4.0407^{**}	silver		0.1146
25.3		109.40291		37.766411		4.0407^{**}	silver		0.0099
27.1		109.39739		37.747883		2.17		silver		0.0517
27.2		109.39756		37.747567		2.17		silver		0.0966
29.1		109.40087		37.743174		1.62		silver		0.0089
29.2		109.39284		37.738612		1.62		silver		0.0073
31.1		109.37472		37.756347		1.62		silver		0.0047
31.2		109.371			37.750538		1.55		silver		0.0411
31.3		109.38161		37.764973		1.55		silver		0.0107
32.1		109.3695		37.757729		2.4		silver		0.0048
32.2		109.38095		37.769382		2.4		silver		0.0091
32.3		109.36625		37.74921		2.4		silver		0.0126
33.1		109.38377		37.758259		3.5339^{**}	silver		0.0302
33.2		109.38662		37.764144		3.5339^{**}	silver		0.0333
33.3		109.37037		37.738712		3.5339^{**}	silver		0.0032
34.1		109.39158		37.766308		2.8496^{**}	silver		0.025
34.2		109.37911		37.751227		2.8496^{**}	silver		0.004
34.3		109.3733		37.744211		2.8496^{**}	silver		0.0763
36.1		109.36433		37.771976		2.7009^{**}	silver		0.0111
36.2		109.35824		37.763325		2.7009^{**}	silver		0.0453
36.3		109.35329		37.755808		2.7009^{**}	silver		0.0141
37.1		109.39709		37.754736		1.8521^{**}	silver		0.1673
37.2		109.39672		37.754793		1.8521^{**}	silver		0.318
39.1		109.40227		37.731234		3.4872^{**}	silver		0.002
39.2		109.40495		37.732519		3.4872^{**}	silver		0.0055
45.1		109.38982		37.739214		2.7306^{**}	silver		0.0801
45.2		109.38348		37.737879		2.7306^{**}	silver		0.0485
45.3		109.40447		37.76196		2.7306^{**}	silver		0.0185
49.1		109.4028		37.73326		3.54		silver		0.0178
49.2		109.393			7.730812		3.54		silver		0.0084
50.1		109.37444		37.743736		3.19		silver		0.0691
50.2		109.37958		37.750708		3.19		silver		0.0226
50.3		109.3928		37.767181		3.19		silver		0.0275
52.1		109.36838		37.771761		2.6471^{**}	silver		0.0392
52.2		109.36023		37.760497		2.6471^{**}	silver		0.0043
52.3		109.35704		37.752486		2.6471^{**}	silver		0.0366
55.1		109.37376		37.755778		2.17		silver		0.0188
55.2		109.37024		37.748743		2.17		silver		0.0134
55.3		109.38502		37.768411		2.17		silver		0.0196
56.1		109.37315		37.744015		3.8936^{**}	silver		0.2725
56.2		109.3784		37.751095		3.8936^{**}	silver		0.2125
57.1		109.37903		37.744097		4.3077^{**}	silver		0.005
57.2		109.37953		37.74511		4.3077^{**}	silver		0.0024
58.1		109.37942		37.762383		3.03		silver		0.0006
58.2		109.37926		37.762129		3.03		silver		0.0002
59.1		109.37684		37.743245		3.11		silver		0.0023
59.2		109.37996		37.748146		3.11		silver		0.0041
62.1		109.37222		37.747464		2.23		silver		0.0064
62.2		109.37551		37.752276		2.23		silver		0.0067
63.1		109.36942		37.756278		2.2		silver		0.0043
63.2		109.36836		37.753695		2.2		silver		0.0021
65.1		109.38312		37.762595		2.7251^{**}	silver		0.0034
65.2		109.38225		37.760394		2.7251^{**}	silver		0.0031
66.1		109.38331		37.765079		3.2684^{**}	silver		0.0109
66.2		109.38029		37.759228		3.2684^{**}	silver		0.0166
67.1		109.36747		37.756509		3.3352^{**}	silver		0.0145
67.2		109.36512		37.749544		3.3352^{**}	silver		0.0127
68.1		109.39233		37.738083		5.51		gold		0.0158
68.2		109.38235		37.736508		5.51		gold		0.0032
69.1		109.3804		37.749467		4.1327^{**}	silver		0.0149
69.2		109.37532		37.743383		4.1327^{**}	silver		0.0068
70.1		109.39221		37.760496		2.72		silver		0.004
70.2		109.38938		37.757279		3.11		silver		0.0028
71.1		109.3827		37.744711		2.68		silver		0.0077
71.2		109.38065		37.741346		2.68		silver		0.0077
71.3		109.40255		37.76361		2.68		silver		0.0076
71.4		109.38721		37.741295		2.68		silver		0.001
72.1		109.38012		37.765496		3.32		silver		0.0031
72.2		109.37481		37.762346		3.32		silver		0.0039
76.1		109.41123		37.73199		15^{**}		silver		0.002
76.2		109.41284		37.733789		15^{**}		silver		0.2539
76.3		109.41366		37.734646		15^{**}		silver		0.2064
79.1		109.39315		37.762795		3.8483^{**}	silver		0.0114
79.2		109.38735		37.755963		3.8483^{**}	silver		0.0304
79.3		109.37574		37.735628		3.8483^{**}	silver		0.0166
80.1		109.39094		37.733628		2.8838^{**}     silver		0.0087
80.2		109.40025		37.738496		2.8838^{**}	silver		0.0149
80.3		109.41008		37.753576		2.8838^{**}	silver		0.1018



# Multiple images of MACS J1149.5+2223
# ID		R.A. (J2000)		Decl. (J2000)		z		Class		Delta_rms (arcsec)	
1.1		177.397			22.396		1.488		gold		0.0141	
1.2		177.39942		22.39743		1.488		gold		0.0467	
1.3		177.40342		22.40243		1.488		gold		0.0492	
1.5		177.39986		22.39713		1.488		gold		0.4534	
2.1		177.40242		22.38975		1.891		gold		0.0023	
2.2		177.40604		22.39247		1.891		gold		0.057	
2.3		177.40658		22.39288		1.891		gold		0.0262	
3.1		177.39075		22.39984		3.129		gold		0.0102	
3.2		177.39271		22.40308		3.129		gold		0.1807	
3.3		177.40129		22.40718		3.129		gold		0.0126	
4.1		177.393			22.39682		2.949		gold		0.0243	
4.2		177.39438		22.40073		2.949		gold		0.0195	
4.3		177.40417		22.40612		2.949		gold		0.0096	
5.1		177.39975		22.39306		2.8		gold		0.0469	
5.2		177.40108		22.39382		2.8		gold		0.0076	
5.3		177.40792		22.40355		2.8		gold		0.0312	
6.1		177.39971		22.39254		2.66		gold		0.0244	
6.2		177.40183		22.39385		2.66		gold		0.0104	
6.3		177.40804		22.4025			2.66		gold		0.0291	
7.1		177.39896		22.39133		2.79		gold		0.1371	
7.2		177.40342		22.39426		2.79		gold		0.0653	
7.3		177.40758		22.40124		2.79		gold		0.1471	
13.1		177.40371		22.39778		1.23		gold		0.0152	
13.2		177.40283		22.39665		1.25		gold		0.1392	
13.3		177.40004		22.39385		1.23		gold		0.0176	
14.1		177.39167		22.40348		3.703		gold		0.0018	
14.2		177.39083		22.40264		3.703		gold		0.0003	
110.1		177.40014		22.39016		3.214		gold		0.0104	
110.2		177.40402		22.39289		3.214		gold		0.0174	
112.1		177.39661		22.3963			1.488		gold		0.0649	
112.2		177.39899		22.39786		1.488		gold		0.0175	
112.3		177.40303		22.40268		1.488		gold		0.066	
112.4		177.39777		22.39878		1.488		gold		0.003	
112.6		177.39867		22.39824		1.488		gold		0.0068	
113.1		177.39687		22.39621		1.488		gold		0.0309	
113.2		177.39917		22.3976			1.488		gold		0.021	
113.3		177.40328		22.40259		1.488		gold		0.0256	
114.1		177.39702		22.39621		1.488		gold		0.075	
114.2		177.39923		22.39748		1.488		gold		0.033	
114.3		177.40339		22.40255		1.488		gold		0.0431	
115.1		177.39726		22.3962			1.488		gold		0.0235	
115.2		177.39933		22.3973			1.488		gold		0.063	
115.3		177.40356		22.40252		1.488		gold		0.0316	
116.1		177.39737		22.39616		1.488		gold		0.1141	
116.2		177.39945		22.39723		1.488		gold		0.0684	
116.3		177.4036		22.40248		1.488		gold		0.0759	
117.1		177.39757		22.39611		1.488		gold		0.0286	
117.2		177.39974		22.39693		1.488		gold		0.1281	
117.3		177.4037		22.4024			1.488		gold		0.2189	
118.1		177.39795		22.39601		1.488		gold		0.0238	
118.2		177.39981		22.39675		1.488		gold		0.021	
118.3		177.4038		22.40231		1.488		gold		0.0086	
119.1		177.39803		22.39593		1.488		gold		0.2412	
119.2		177.39973		22.39698		1.488		gold		0.2393	
119.3		177.40377		22.40225		1.488		gold		0.0636	
120.1		177.39809		22.39585		1.488		gold		0.0226	
120.2		177.39997		22.3967			1.488		gold		0.0847	
120.3		177.4038		22.40218		1.488		gold		0.0514	
121.2		177.4001		22.39666		1.488		gold		0.0388	
121.3		177.40377		22.40204		1.488		gold		0.0212	
122.1		177.39716		22.39521		1.488		gold		0.0758	
122.2		177.40032		22.39692		1.488		gold		0.0305	
122.3		177.4036		22.40187		1.488		gold		0.0202	
123.1		177.39697		22.39663		1.488		gold		0.012	
123.2		177.39882		22.39771		1.488		gold		0.0476	
123.3		177.40329		22.40282		1.488		gold		0.0134	
123.4		177.39791		22.39843		1.488		gold		0.0011	
124.1		177.39712		22.39672		1.488		gold		0.034	
124.2		177.39878		22.39763		1.488		gold		0.0664	
124.3		177.40338		22.40287		1.488		gold		0.0404	
124.4		177.3981		22.39825		1.488		gold		0.0121	
125.1		177.39717		22.3965			1.488		gold		0.039	
125.2		177.39894		22.39751		1.488		gold		0.022	
125.3		177.40344		22.40275		1.488		gold		0.0342	
126.1		177.39745		22.3964			1.488		gold		0.1288	
126.2		177.39915		22.39722		1.488		gold		0.0751	
126.3		177.4036		22.40265		1.488		gold		0.0107	
127.1		177.39815		22.39634		1.488		gold		0.0232	
127.2		177.39927		22.39683		1.488		gold		0.075	
127.3		177.40384		22.40256		1.488		gold		0.0072	
128.1		177.3985		22.3961			1.488		gold		0.1102	
128.2		177.39947		22.39659		1.488		gold		0.0366	
128.3		177.40394		22.4024			1.488		gold		0.0162	
129.1		177.39689		22.39576		1.488		gold		0.0397	
129.2		177.39954		22.39748		1.488		gold		0.0523	
129.3		177.40337		22.40229		1.488		gold		0.0824	
129.5		177.39997		22.3971			1.488		gold		0.0671	
130.1		177.39708		22.39572		1.488		gold		0.1705	
130.2		177.39963		22.39736		1.488		gold		0.1015	
130.3		177.40353		22.40223		1.488		gold		0.057	
130.5		177.4			22.39698		1.488		gold		0.0318	
131.1		177.39694		22.3954			1.488		gold		0.0101	
131.3		177.40341		22.402			1.488		gold		0.0775	
131.5		177.40018		22.39704		1.488		gold		0.0188	
132.1		177.39677		22.39548		1.488		gold		0.0606	
132.2		177.39968		22.39749		1.488		gold		0.1302	
132.3		177.40328		22.40209		1.488		gold		0.0124	
132.5		177.40008		22.39713		1.488		gold		0.0917	
133.1		177.39672		22.39538		1.488		gold		0.0029	
133.2		177.39977		22.39749		1.488		gold		0.018	
133.3		177.40324		22.40201		1.488		gold		0.0072	
133.5		177.40013		22.3972			1.488		gold		0.0058	
134.1		177.3965		22.39558		1.488		gold		0.0649	
134.2		177.39953		22.39775		1.488		gold		0.0318	
134.3		177.40301		22.4022			1.488		gold		0.0539	
135.1		177.39657		22.39593		1.488		gold		0.0784	
135.3		177.40304		22.40245		1.488		gold		0.036	
136.1		177.39633		22.39601		1.488		gold		0.2515	
136.3		177.40283		22.4026			1.488		gold		0.0482	
137.1		177.39831		22.39628		1.488		gold		0.0276	
137.2		177.39933		22.39672		1.488		gold		0.0098	
138.1		177.3986		22.39616		1.488		gold		0.1762	
138.2		177.39942		22.39655		1.488		gold		0.0388	
139.1		177.39858		22.39586		1.488		gold		0.1224	
139.2		177.39976		22.39649		1.488		gold		0.0307	
140.1		177.39817		22.39546		1.488		gold		0.0976	
140.2		177.39801		22.39523		1.488		gold		0.0986	
140.3		177.3973		22.39536		1.488		gold		0.0262	
140.4		177.39788		22.39572		1.488		gold		0.0323	
141.1		177.39823		22.39563		1.488		gold		0.3151	
141.2		177.39772		22.39578		1.488		gold		0.0339	
141.3		177.39737		22.39553		1.488		gold		0.0539	
141.4		177.39781		22.39518		1.488		gold		0.0694	
											