S1.1   0  406.2763  717.3749  1.6881  4.0000
S1.2   0  505.5243  509.8066  1.6881  4.0000
S1.3   0  1110.1559  281.0071  1.6881  4.0000
S2.1   1  1294.0381  759.5858  1.8868  4.0000
S2.2   1  423.1245  1236.7123  1.8868  4.0000
S2.3   1  1163.3879  1008.7821  1.8868  4.0000
S2.4   1  1098.6142  846.8553  1.8868  4.0000
S3.1   2  949.8813  1446.6158  3.9805  4.0000
S3.2   2  914.6058  1442.2955  3.9805  4.0000
S4.1   3  743.7783  808.4753  3.5770  4.0000
S4.2   3  523.4450  882.4079  3.5770  4.0000
S4.3   3  1468.6953  355.8724  3.5770  4.0000
S4.4   3  677.5072  646.1126  3.5770  4.0000
S4.5   3  649.0857  631.5672  3.5770  4.0000
S5.1   4  1066.7214  1669.3117  4.0225  4.0000
S5.2   4  1187.4622  1621.0695  4.0225  4.0000
S5.3   4  1499.4242  1376.3983  4.0225  4.0000
S6.1   5  345.4055  870.9455  2.0171  4.0000
S6.2   5  623.8230  424.0619  2.0171  4.0000
S6.3   5  1097.3029  325.8633  2.0171  4.0000
S7.1   6  362.8342  832.4991  2.5791  1.0000
S7.2   6  551.6960  466.3217  2.5791  1.0000
S7.3   6  1211.1904  292.8128  2.5791  1.0000
S8.1   7  893.6770  1407.8792  3.9764  4.0000
S8.2   7  948.3910  1417.4558  3.9764  4.0000
S8.3   7  1720.5637  816.0751  3.9764  4.0000
S9.1   8  975.7819  620.4160  2.3556  1.0000
S9.2   8  1053.6394  551.5118  2.3556  1.0000
S10.1  9  975.0928  576.6400  2.6565  4.0000
S10.2  9  1038.6491  533.0799  2.6565  4.0000
S11.1  10  789.2997  723.0128  2.4508  1.0000
S11.2  10  424.2827  896.6564  2.4508  1.0000
S11.3  10  1322.5790  358.4726  2.4508  1.0000
S11.4  10  594.5202  528.6763  2.4508  1.0000
S12.2  11  674.9184  765.3445  3.6388  1.0000
S12.3  11  592.3443  784.9962  3.6388  1.0000
S13.1  12  726.8559  817.4027  1.3905  1.0000
S13.2  12  641.6853  843.7509  1.3905  1.0000
S13.3  12  1325.5190  421.4725  1.3905  1.0000
S14.1  13  892.2861  1386.0632  2.5710  1.0000
S14.2  13  973.6366  1400.7520  2.5710  1.0000
S14.3  13  1647.5220  878.4342  2.5710  1.0000
S18.1  14  1737.4775  677.9773  5.6624  4.0000
S18.2  14  976.5869  1314.6400  5.6624  4.0000
S18.3  14  830.4566  1320.9020  5.6624  4.0000
S20.1  15  488.2227  786.1414  2.5127  1.0000
S20.2  15  552.9475  608.5218  2.5127  1.0000
S20.3  15  1372.5260  312.2461  2.5127  1.0000
S21.1  16  492.3158  775.9177  2.5640  1.0000
S21.2  16  549.5689  615.5056  2.5640  1.0000
S21.3  16  1375.0468  308.0700  2.5640  1.0000
S22.1  17  1004.7191  164.2240  5.2844  4.0000
S22.2  17  251.8412  682.0802  5.2844  4.0000
S22.3  17  466.4774  352.7717  5.2844  4.0000
S23.1  18  989.9221  240.7600  4.4156  1.0000
S23.2  18  656.3798  300.3676  4.4156  1.0000
S23.3  18  221.1689  868.1249  4.4156  1.0000
S24.1  19  509.4061  677.4229  1.0430  4.0000
S24.2  19  557.5574  572.8101  1.0430  4.0000
S24.3  19  1041.3989  344.6559  1.0430  4.0000
S25.1  20  598.6774  803.2845  1.2168  1.0000
S25.2  20  742.2897  761.0993  1.2168  1.0000
S25.3  20  1235.0633  403.7641  1.2168  1.0000
S26.1  21  633.7649  299.8624  3.0542  4.0000
S26.2  21  853.8922  238.5985  3.0542  4.0000
S26.3  21  247.8555  788.3518  3.0542  4.0000
S28.1  22  1468.9686  636.3124  6.5166  1.0000
S28.2  22  389.3172  1290.5655  6.5166  1.0000
S28.3  22  1166.5832  1147.0220  6.5166  1.0000
S28.4  22  1034.0868  901.2159  6.5166  1.0000
S29.1  23  1344.8243  1175.1675  1.9859  1.0000
S29.2  23  1464.1343  966.5767  1.9859  1.0000
S30.1  24  813.0463  1184.3175  1.0252  4.0000
S30.2  24  1082.1549  1130.4635  1.0252  4.0000
S30.3  24  1377.2880  877.5899  1.0252  4.0000
S31.1  25  1128.2965  772.5508  4.7594  4.0000
S31.2  25  1266.5076  704.4349  4.7594  4.0000
S32.1  26  1273.4609  661.2347  5.6678  1.0000
S32.2  26  1082.5356  759.1595  5.6678  1.0000
S32.3  26  268.6377  1289.3300  5.6678  1.0000
S33.1  27  1204.1815  773.4850  5.7256  4.0000
S33.2  27  1223.7421  755.7004  5.7256  4.0000
S33.3  27  228.7727  1352.0377  5.7255  4.0000
S34.1  28  662.9532  219.9439  3.7840  4.0000
S34.2  28  639.1087  228.5827  3.7840  4.0000
S34.3  28  210.6715  669.2597  3.7840  4.0000
S37.1  29  935.3060  1366.2637  2.6501  4.0000
S37.2  29  956.0116  1370.6559  2.6501  4.0000
S39.1  30  950.8309  1537.8398  4.0150  4.0000
S39.2  30  966.3573  1539.4239  4.0150  4.0000
S39.3  30  1653.3860  1031.0736  4.0150  4.0000
S40.1  31  932.5595  1527.9037  4.0000  4.0000
S40.2  31  987.9825  1536.3280  4.0000  4.0000
S41.1  32  305.9688  1030.0618  4.9113  4.0000
S41.2  32  654.9261  440.6235  4.9113  4.0000
S41.3  32  1282.7398  387.9943  4.9113  4.0000
S41.4  32  837.4891  678.9501  4.9113  4.0000
S42.1  33  421.6571  956.4162  3.6919  4.0000
S42.2  33  816.4356  765.8536  3.6919  4.0000
S42.3  33  1398.0321  378.5567  3.6919  4.0000
S42.4  33  612.2047  540.0533  3.6919  4.0000
S42.5  33  725.8387  625.8107  3.6919  4.0000
S47.1  34  865.6959  1562.9667  4.0225  4.0000
S47.2  34  1134.0432  1558.4307  4.0225  4.0000
S47.3  34  1600.5777  1134.3983  4.0225  4.0000
S53.1  35  1506.6116  885.3577  6.8098  1.0000
S53.2  35  1276.3898  1237.3786  6.8098  1.0000
S54.1  36  730.1986  287.5548  5.4223  1.0000
S54.2  36  983.9921  256.3840  5.4223  1.0000
S61.1  37  532.8931  749.0645  2.9509  4.0000
S61.2  37  556.7435  678.0740  2.9509  4.0000
S62.1  38  793.4493  1097.7010  4.1936  4.0000
S62.2  38  839.6535  1077.9022  4.1936  4.0000
S63.1  39  1359.2900  485.7668  5.6615  4.0000
S63.2  39  699.7013  493.6896  5.6615  4.0000
S63.3  39  928.4001  753.2556  5.6615  4.0000
S63.4  39  327.4344  1124.3118  5.6615  4.0000
S64.1  40  1422.1059  1091.1393  3.4086  4.0000
S64.3  40  477.0790  1412.9726  3.4086  4.0000
S65.1  41  436.6471  659.9214  1.6881  4.0000
S65.2  41  478.6950  557.6847  1.6881  4.0000
S65.3  41  1139.8369  272.7986  1.6881  4.0000
S66.1  42  394.1647  745.8139  1.6881  4.0000
S66.2  42  532.5382  481.6565  1.6881  4.0000
S66.3  42  1095.6879  289.2873  1.6881  4.0000
S67.1  43  373.9234  713.4121  1.6881  4.0000
S67.2  43  520.4932  456.6716  1.6881  4.0000
S67.3  43  1038.3123  269.0559  1.6881  4.0000
S68.1  44  1308.6939  770.3852  1.8868  4.0000
S68.2  44  432.5017  1241.9691  1.8868  4.0000
S68.3  44  1177.9820  1023.9017  1.8868  4.0000
S68.4  44  1096.9999  865.3593  1.8868  4.0000
S69.1  45  1310.8678  780.3931  1.8868  4.0000
S69.2  45  435.1718  1246.2173  1.8868  4.0000
S69.3  45  1185.2479  1026.9976  1.8868  4.0000
S69.4  45  1099.7324  872.9193  1.8868  4.0000
S70.1  46  1315.5877  789.0329  1.8868  4.0000
S70.2  46  437.8419  1250.0335  1.8868  4.0000
S70.3  46  1191.5824  1030.2374  1.8868  4.0000
S70.4  46  1102.2786  882.4953  1.8868  4.0000
S71.1  47  1321.1771  798.8967  1.8868  4.0000
S71.2  47  441.6920  1254.2098  1.8868  4.0000
S71.3  47  1197.5442  1034.7732  1.8868  4.0000
S71.4  47  1104.2039  892.7192  1.8868  4.0000
S72.1  48  1324.6550  806.8165  1.8868  4.0000
S72.2  48  444.6726  1257.6661  1.8868  4.0000
S72.3  48  1203.5681  1038.6611  1.8868  4.0000
S72.4  48  1107.2469  903.0872  1.8868  4.0000
S73.1  49  1339.6843  833.4558  1.8868  4.0000
S73.2  49  457.5894  1267.0271  1.8868  4.0000
S73.3  49  1219.0318  1051.1886  1.8868  4.0000
S73.4  49  1109.5452  937.4311  1.8868  4.0000
S74.1  50  924.1078  1443.2316  3.9805  4.0000
S74.2  50  940.0688  1445.3197  3.9805  4.0000
S75.1  51  907.6500  1441.4314  3.9805  4.0000
S75.2  51  960.3149  1447.4799  3.9805  4.0000
S76.1  52  745.5167  818.0514  3.5770  4.0000
S76.2  52  530.0892  890.6883  3.5770  4.0000
S77.1  53  627.8658  301.6621  3.0542  4.0000
S77.2  53  858.9219  236.0786  3.0542  4.0000
S78.1  54  625.5058  308.5020  3.0542  4.0000
S78.2  54  877.7364  237.3029  3.0542  4.0000
S105.1  55  1283.7997  1570.9543  4.0225  4.0000
S105.2  55  1354.5172  1519.1831  4.0225  4.0000
S147.1  56  895.7116  1566.2072  4.0225  4.0000
S147.2  56  1096.0034  1566.7833  4.0225  4.0000
S147.3  56  1620.5046  1115.7486  4.0225  4.0000
