S1.1   0  390.3176  1947.9730  3.2370  4.0000
S1.2   0  530.0116  2096.6635  3.2370  4.0000
S1.3   0  563.5393  2125.4657  3.2370  4.0000
S2.1   1  272.6627  1683.0025  6.1485  4.0000
S2.2   1  471.9662  2005.7954  6.1485  4.0000
S2.3   1  751.7611  2225.6998  6.1485  4.0000
S3.1   2  380.6196  1565.5081  3.2900  4.0000
S3.2   2  641.1271  1955.1183  3.2900  4.0000
S3.3   2  885.2257  2154.2806  3.2900  4.0000
S4.1   3  453.3218  1653.1379  2.1070  4.0000
S4.2   3  496.5747  1719.2371  2.1070  4.0000
S4.3   3  842.2958  2115.1113  2.1070  4.0000
S5.1   4  503.2279  1529.7336  1.8961  4.0000
S5.2   4  758.8097  1900.4041  1.8961  4.0000
S5.3   4  936.0490  2038.2180  1.8961  4.0000
S6.1   5  474.2445  1422.2355  3.6070  4.0000
S6.2   5  747.1103  1837.1876  3.6070  4.0000
S6.3   5  1140.3147  2099.6365  3.6070  4.0000
S7.1   6  520.9240  1354.4868  2.0850  4.0000
S7.2   6  943.8757  1895.8741  2.0850  4.0000
S7.3   6  1001.0055  1932.2352  2.0850  4.0000
S8.1   7  683.5634  1326.9205  2.2820  4.0000
S8.2   7  955.6479  1698.3064  2.2820  4.0000
S8.3   7  1365.1561  1938.2821  2.2820  4.0000
S9.1   8  652.0122  1265.2149  3.2899  4.0000
S9.2   8  982.3394  1668.9309  3.2899  4.0000
S10.1  9  687.5100  1283.4327  2.0930  4.0000
S10.2  9  1015.4071  1677.2115  2.0930  4.0000
S10.3  9  1359.8955  1885.2182  2.0930  4.0000
S11.1  10  537.8395  1046.3280  3.2920  4.0000
S11.2  10  1085.1581  1724.5883  3.2920  4.0000
S11.3  10  1301.5806  1813.4353  3.2920  4.0000
S12.1  11  926.8617  1351.1937  0.9392  4.0000
S12.2  11  1195.4061  1617.2364  0.9392  4.0000
S12.3  11  1217.3638  1648.3403  0.9392  4.0000
S13.1  12  1037.1708  1406.4918  1.0055  4.0000
S13.2  12  1099.2284  1453.6523  1.0055  4.0000
S13.3  12  1366.5974  1720.9141  1.0055  4.0000
S14.1  13  1349.6347  1653.2344  3.2226  4.0000
S14.2  13  1369.6208  1687.1460  3.2226  4.0000
S14.3  13  1381.9802  1690.4577  3.2226  4.0000
S14.4  13  1384.1488  1657.1936  3.2226  4.0000
S14.5  13  1304.9954  1583.8993  3.2226  4.0000
S14.6  13  588.9888  945.5312  3.2226  4.0000
S15.1  14  868.9559  1021.4321  1.9904  4.0000
S15.2  14  1299.7984  1362.9313  1.9904  4.0000
S15.3  14  1594.2564  1640.9860  1.9904  4.0000
S16.1  15  1408.5336  1470.0650  2.0955  4.0000
S16.2  15  1474.0125  1533.7110  2.0955  4.0000
S16.3  15  1484.1370  1546.7426  2.0955  4.0000
S16.4  15  753.3950  933.2278  2.0955  4.0000
S17.1  16  954.9434  829.4824  3.9680  4.0000
S17.2  16  1309.1299  1156.5072  3.9680  4.0000
S17.3  16  1831.4438  1560.9076  3.9680  4.0000
S18.1  17  975.9150  723.2828  3.8734  4.0000
S18.2  17  1386.1072  1105.3856  3.8734  4.0000
S18.3  17  1853.1286  1436.4180  3.8696  4.0000
S19.1  18  979.0708  691.5308  4.1030  4.0000
S19.2  18  1403.8558  1090.9131  4.1030  4.0000
S19.3  18  1868.7060  1398.4728  4.1030  4.0000
S20.1  19  964.5453  607.9386  3.2190  4.0000
S20.2  19  1502.7891  1067.0059  3.2190  4.0000
S20.3  19  1804.5992  1241.7336  3.2190  4.0000
S21.2  20  1593.9693  1133.8900  5.1093  4.0000
S21.3  20  1691.4612  1194.5088  5.1093  4.0000
S23.1  21  1272.3113  719.8277  2.5435  4.0000
S23.2  21  1471.4899  821.4870  2.5435  4.0000
S23.3  21  1998.6003  1328.9819  2.5435  4.0000
S24.1  22  1261.4639  618.9559  1.6341  4.0000
S24.2  22  1576.5988  789.4428  1.6341  4.0000
S24.3  22  1892.1527  1121.7750  1.6341  4.0000
S25.1  23  1114.2209  540.9804  3.1127  4.0000
S25.2  23  1620.8382  784.9767  3.1127  4.0000
S25.3  23  1944.2866  1171.3787  3.1127  4.0000
S26.1  24  1137.2932  542.1325  3.0786  4.0000
S26.2  24  1613.0807  770.0731  3.0786  4.0000
S26.3  24  1961.3788  1176.6332  3.0786  4.0000
S27.1  25  1153.9237  450.7645  3.4920  4.0000
S27.2  25  1683.7428  722.0453  3.4920  4.0000
S27.3  25  1977.1466  1072.5198  3.4920  4.0000
S28.1  26  1096.0136  416.9963  3.2542  4.0000
S28.2  26  1755.2002  785.7609  3.2542  4.0000
S28.3  26  1886.1571  951.2795  3.2542  4.0000
S29.1  27  1204.7348  432.5484  2.2980  4.0000
S29.2  27  1749.5436  732.5533  2.2980  4.0000
S29.3  27  1904.2971  911.8940  2.2980  4.0000
S30.1  28  1406.4030  484.7450  3.4426  4.0000
S30.2  28  1562.6536  576.9714  3.4426  4.0000
S30.3  28  2124.8606  1103.1774  3.4426  4.0000
S31.1  29  1284.2701  377.1796  4.1246  4.0000
S31.2  29  1695.2382  583.5166  4.1246  4.0000
S31.3  29  2077.9790  993.0222  4.1246  4.0000
S32.1  30  1312.6653  317.7791  5.3691  4.0000
S32.2  30  1749.8571  498.5532  5.3691  4.0000
S32.3  30  2105.8427  910.9394  5.3691  4.0000
S33.1  31  1512.2954  409.5015  5.9730  4.0000
S33.2  31  1590.9129  447.8741  5.9730  4.0000
S34.2  32  1800.5391  526.1978  3.9246  4.0000
S34.3  32  2056.9925  823.6803  3.9246  4.0000
S35.1  33  1399.7591  303.5212  5.6417  4.0000
S35.2  33  1732.8268  410.4983  5.6417  4.0000
S35.3  33  2162.5725  909.9254  5.6417  4.0000
S36.1  34  1538.7808  299.1965  1.9626  4.0000
S36.2  34  1754.0567  386.2330  1.9626  4.0000
S36.3  34  2034.4288  649.5865  1.9626  4.0000
S37.1  35  1657.4236  255.9187  2.2196  4.0000
S37.2  35  1736.2369  283.9941  2.2196  4.0000
S37.3  35  2082.3438  600.2618  2.2196  4.0000
S101.1  36  456.2544  1123.4342  4.3029  4.0000
S101.2  36  1008.2386  1846.6994  4.3029  4.0000
S101.3  36  1214.4072  1918.5563  4.3029  4.0000
S102.1  37  434.5572  1174.4085  6.0680  4.0000
S102.2  37  921.9185  1860.0176  6.0680  4.0000
S102.3  37  1223.8747  1994.3722  6.0680  4.0000
S103.1  38  449.7277  1369.9617  4.1169  4.0000
S103.2  38  797.4017  1873.4056  4.1169  4.0000
S103.3  38  1140.7749  2080.1965  4.1169  4.0000
S104.1  39  729.7238  1069.3068  4.0730  4.0000
S104.2  39  1169.5040  1457.5405  4.0730  4.0000
S104.3  39  1575.2008  1844.2429  4.0730  4.0000
S105.1  40  565.0607  949.2737  4.0735  4.0000
S105.2  40  1251.4169  1587.3560  4.0735  4.0000
S105.3  40  1399.9288  1736.8972  4.0735  4.0000
S106.1  41  478.4438  1531.3878  4.1162  4.0000
S106.2  41  601.8916  1735.8040  4.1162  4.0000
S106.3  41  1135.7125  2166.2365  4.1162  4.0000
S107.1  42  590.9916  1520.7394  2.9209  4.0000
S107.2  42  674.2106  1672.0881  2.9209  4.0000
S107.3  42  1237.1559  2107.3401  2.9209  4.0000
S108.1  43  559.4047  990.3134  4.6100  4.0000
S108.2  43  1207.1735  1576.1243  4.6100  4.0000
S108.3  43  1414.3278  1792.8408  4.6100  4.0000
S109.1  44  740.6316  1169.8913  2.9912  4.0000
S109.2  44  1134.7276  1517.8045  2.9912  4.0000
S110.1  45  807.8772  1276.5980  4.3008  4.0000
S110.2  45  1042.7581  1450.6998  4.3008  4.0000
S112.1  46  376.9550  1365.7078  6.1487  4.0000
S112.2  46  770.5759  1941.7326  6.1487  4.0000
S112.3  46  1060.3697  2107.9880  6.1487  4.0000
S113.1  47  594.9588  1143.6756  5.9990  4.0000
S113.2  47  997.3943  1656.7632  5.9990  4.0000
S114.1  48  277.2637  1692.5069  6.1485  4.0000
S114.2  48  450.0755  1981.0257  6.1485  4.0000
S114.3  48  763.4634  2232.1803  6.1485  4.0000
S115.1  49  496.9834  1518.7891  1.8961  4.0000
S115.2  49  785.3685  1932.0132  1.8961  4.0000
S115.3  49  916.3262  2024.3215  1.8961  4.0000
S116.1  50  495.6030  1516.7731  1.8961  4.0000
S116.2  50  788.9185  1936.5493  1.8961  4.0000
S116.3  50  911.1325  2021.0093  1.8961  4.0000
S117.1  51  489.0292  1514.3966  1.8961  4.0000
S117.2  51  796.3470  1947.7816  1.8961  4.0000
S117.3  51  890.2921  2011.5768  1.8961  4.0000
S118.1  52  484.6250  1508.1323  1.8961  4.0000
S118.2  52  805.9452  1954.5500  1.8961  4.0000
S118.3  52  875.5001  2000.8483  1.8961  4.0000
S119.1  53  478.9059  1505.1798  1.8961  4.0000
S119.2  53  818.5018  1964.8464  1.8961  4.0000
S119.3  53  851.3727  1987.0956  1.8961  4.0000
S120.1  54  635.8413  1253.1900  3.2899  4.0000
S120.2  54  987.7958  1675.1950  3.2899  4.0000
S121.1  55  625.7183  1241.6694  3.2899  4.0000
S121.2  55  992.4634  1677.7151  3.2899  4.0000
S122.1  56  1207.2395  1627.3163  0.9392  4.0000
S122.2  56  1211.5785  1633.4363  0.9392  4.0000
S123.1  57  1213.2219  1623.5723  0.9392  4.0000
S123.2  57  1217.8896  1630.4843  0.9392  4.0000
S124.1  58  1231.8922  1615.1482  0.9392  4.0000
S124.2  58  1232.9441  1616.8042  0.9392  4.0000
S125.1  59  1191.0673  1635.5964  0.9392  4.0000
S125.2  59  1195.7350  1642.7964  0.9392  4.0000
S126.1  60  1210.5265  1608.8843  0.9392  4.0000
S126.2  60  1231.3008  1638.7642  0.9392  4.0000
S127.1  61  1351.2784  1660.1464  3.2226  4.0000
S127.2  61  1361.9947  1682.9702  3.2226  4.0000
S127.3  61  1388.5542  1686.5695  3.2226  4.0000
S128.1  62  867.0498  1014.5920  1.9904  4.0000
S128.2  62  1304.9918  1361.9233  1.9904  4.0000
S128.3  62  1594.2561  1634.4340  1.9904  4.0000
S129.1  63  849.7615  1003.7915  1.9904  4.0000
S129.2  63  1315.7074  1373.3711  1.9904  4.0000
S129.3  63  1579.4641  1627.8827  1.9904  4.0000
S131.1  64  1413.2012  1473.9529  2.0955  4.0000
S131.2  64  1470.7254  1530.6151  2.0955  4.0000
S131.3  64  1486.3065  1548.2545  2.0955  4.0000
S132.1  65  966.1883  625.6506  3.2190  4.0000
S132.2  65  1812.2929  1274.9970  3.2190  4.0000
S133.1  66  1101.7281  1167.9564  1.9530  4.0000
S133.2  66  1139.6586  1196.9005  1.9530  4.0000
S133.3  66  1702.9935  1668.6282  1.9530  4.0000
S134.1  67  1851.3223  1020.4022  2.3340  4.0000
S134.2  67  1681.8419  816.0774  2.3340  4.0000
S134.3  67  1104.7556  498.5724  2.3340  4.0000
S135.1  68  1902.8758  409.2621  2.2210  4.0000
S135.2  68  1969.1394  472.8325  2.2210  4.0000
S135.3  68  1585.7097  228.4904  2.2210  4.0000
S136.1  69  2051.2798  887.6169  1.8178  4.0000
S136.2  69  1613.1341  521.0971  1.8178  4.0000
S136.3  69  1484.8863  444.4226  1.8178  4.0000
S137.1  70  1329.7902  1104.2492  3.2195  4.0000
S137.2  70  1008.0382  795.9314  3.2195  4.0000
S137.3  70  1855.7623  1490.6338  3.2195  4.0000
S138.1  71  1272.1830  455.8829  3.2910  4.0000
S138.2  71  1638.5597  647.9886  3.2910  4.0000
S138.3  71  2049.5625  1074.1258  3.2910  4.0000
S139.1  72  1893.1290  999.4469  2.9259  4.0000
S139.2  72  1720.9518  776.9791  2.9259  4.0000
S140.1  73  1834.0451  1177.2914  3.9230  4.0000
S140.2  73  1568.3224  927.1072  3.9230  4.0000
S141.1  74  1112.3804  547.3884  2.2300  4.0000
S141.2  74  1866.1189  1097.4410  2.2300  4.0000
S141.3  74  1636.1560  815.9359  2.2300  4.0000
S142.1  75  963.4574  1214.4622  1.1472  4.0000
S142.2  75  1429.4037  1615.6196  1.1472  4.0000
S143.1  76  541.1039  1879.4690  5.0996  4.0000
S143.2  76  947.6028  2211.2846  5.0996  4.0000
S143.3  76  360.7524  1571.2377  5.0996  4.0000
S144.1  77  915.1978  1932.2262  2.2430  4.0000
S144.2  77  926.5580  1940.3769  2.2430  4.0000
S145.1  78  1194.8082  1697.2140  1.8270  4.0000
S145.2  78  1210.8295  1713.1331  1.8270  4.0000
S146.1  79  1669.0332  988.9501  3.0750  4.0000
S146.2  79  1717.1550  1035.6033  3.0750  4.0000
S147.1  80  1992.0547  917.1424  4.5300  4.0000
S147.2  80  1796.2100  660.5501  4.5300  4.0000
S148.1  81  1444.2154  999.3999  4.5018  4.0000
S148.2  81  1033.8285  610.0997  4.5018  4.0000
S148.3  81  1932.6654  1341.3717  4.5018  4.0000
S149.1  82  984.0650  778.0749  5.1060  4.0000
S149.2  82  1890.5416  1526.5591  5.1060  4.0000
S149.3  82  1321.4876  1104.0910  5.1060  4.0000
S150.1  83  1142.6832  679.0765  2.2800  4.0000
S150.2  83  1455.7170  929.9916  2.2800  4.0000
S150.3  83  1923.2591  1273.4044  2.2800  4.0000
S151.1  84  1253.0491  530.3240  3.7153  4.0000
S151.2  84  1573.8336  692.2789  3.7153  4.0000
