S1.1   0  1892.4674  1469.9618  0.8041  4.0000
S1.2   0  1228.4467  1531.9816  0.8041  4.0000
S1.3   0  1774.1442  1491.9867  0.8041  4.0000
S2.1   1  1404.6375  943.5118  0.7251  4.0000
S2.2   1  1607.7439  884.9618  0.7251  4.0000
S2.3   1  1771.9131  923.5827  0.7251  4.0000
S2.4   1  1723.5476  907.2387  0.7251  4.0000
S2.5   1  1706.5621  898.7427  0.7251  4.0000
S3.1   2  1992.4385  2194.3682  1.9553  4.0000
S3.2   2  1786.0197  2271.0771  1.9553  4.0000
S3.3   2  1037.5718  2150.7056  1.9553  4.0000
S4.1   3  981.5083  1504.5773  1.2728  4.0000
S4.2   3  1630.4146  1512.8090  1.2728  4.0000
S4.3   3  2257.8007  1394.3683  1.2728  4.0000
S5.1   4  1429.9727  596.6662  1.2775  4.0000
S5.2   4  1638.4765  585.9890  1.2775  4.0000
S5.3   4  1717.9339  593.0811  1.2775  4.0000
S5.4   4  1782.1332  599.6763  1.2775  4.0000
S6.1   5  1722.7557  1450.9611  1.0633  4.0000
S6.2   5  2087.7292  1375.3896  1.0633  4.0000
S6.3   5  986.0428  1457.4893  1.0633  4.0000
S7.1   6  1695.1903  1217.0474  2.7512  4.0000
S7.2   6  1688.4249  1193.2226  2.7512  4.0000
S7.3   6  1765.2197  842.5467  2.7512  4.0000
S7.4   6  487.5600  1423.0410  2.7512  4.0000
S7.5   6  2289.3243  1247.7978  2.7512  4.0000
S8.1   7  2076.8625  1981.9320  3.0000  1.0000
S8.2   7  2263.7035  1705.3939  3.0000  1.0000
S9.1   8  2226.7805  1399.8404  1.5182  4.0000
S9.2   8  1716.9259  1516.8915  1.5182  4.0000
S9.3   8  814.6755  1497.5707  1.5182  4.0000
S11.1  9  2123.3571  2012.6255  3.0000  1.0000
S11.2  9  2342.8735  1667.7449  3.0000  1.0000
S11.3  9  351.3118  1826.3262  3.0000  1.0000
S12.1  10  1702.8188  2210.2083  3.4809  4.0000
S12.2  10  2457.3819  1584.8076  3.4809  4.0000
S12.3  10  665.1131  1902.2817  3.4809  4.0000
S13.1  11  995.2533  1839.9678  4.2480  4.0000
S13.2  11  1304.9521  2052.9379  4.2480  4.0000
S13.3  11  2632.9226  1427.7675  4.2480  4.0000
S14.1  12  1513.7470  1385.4480  3.1309  4.0000
S14.2  12  1522.1681  1240.6056  3.1309  4.0000
S14.3  12  1373.7616  846.4557  3.1309  4.0000
S14.4  12  865.7049  1376.1430  3.1309  4.0000
S14.5  12  2567.1384  1214.9503  3.1309  4.0000
S15.1  13  1584.3525  1204.5121  3.7084  4.0000
S15.2  13  1540.6659  740.3137  3.7084  4.0000
S15.3  13  1606.0160  1407.0698  3.7084  4.0000
S15.4  13  671.7387  1359.1929  3.7084  4.0000
S15.5  13  2486.3851  1208.4851  3.7084  4.0000
S17.1  14  1697.3498  633.6026  4.2567  4.0000
S17.2  14  571.3382  1187.4721  4.2567  4.0000
S17.3  14  2382.7437  985.1415  4.2567  4.0000
S18.1  15  1260.3334  739.5857  4.4296  4.0000
S18.2  15  853.9751  1098.7557  4.4296  4.0000
S18.3  15  2589.5213  1097.7989  4.4296  4.0000
S19.1  16  1536.2756  681.6913  5.6493  4.0000
S19.2  16  590.1220  1313.1987  5.6493  4.0000
S19.3  16  2520.8598  1153.7289  5.6493  4.0000
S20.1  17  2019.7140  686.0041  5.7505  4.0000
S20.2  17  2139.1882  752.6543  5.7505  4.0000
S21.1  18  1915.0663  910.0106  1.2567  4.0000
S21.2  18  1877.7126  890.2035  1.2567  4.0000
S21.3  18  849.4405  1146.9957  1.2567  4.0000
S22.1  19  1362.8219  808.6773  3.1309  4.0000
S22.2  19  839.6515  1270.6629  3.1309  4.0000
S23.1  20  952.0963  2203.6972  5.9386  4.0000
S23.2  20  2592.9148  1770.4301  5.9386  4.0000
S23.3  20  1164.1865  2236.2134  5.9386  4.0000
S24.1  21  2175.7532  1924.5838  4.9160  4.0000
S24.2  21  2252.8359  1799.4692  4.9160  4.0000
S25.1  22  450.3799  1312.8519  3.8145  1.0000
S25.2  22  2277.1026  1016.6923  3.8145  1.0000
S26.1  23  965.6723  1867.7020  3.9359  4.0000
S26.2  23  1358.9317  2105.0661  3.9359  4.0000
S26.3  23  2603.3420  1466.0357  3.9359  4.0000
S27.1  24  910.4761  1887.3721  3.0161  4.0000
S27.2  24  2522.6178  1542.7089  3.0161  4.0000
S27.3  24  1504.3243  2173.1208  3.0161  4.0000
S28.1  25  2148.3295  1083.7966  2.9101  4.0000
S28.2  25  1891.6753  919.8026  2.9101  4.0000
S28.3  25  397.5940  1431.3922  2.9101  4.0000
S29.1  26  1793.2890  2352.0699  4.4897  1.0000
S29.2  26  701.3857  2149.6236  4.4897  1.0000
S29.3  26  2339.3481  2030.4377  4.4897  1.0000
S30.1  27  719.0422  1938.6133  5.6459  4.0000
S30.2  27  1506.9080  2230.5624  5.6459  4.0000
S31.1  28  1338.0886  2016.2324  5.4476  4.0000
S31.2  28  912.1978  1627.1065  5.4476  4.0000
S31.3  28  2676.3217  1343.1385  5.4476  4.0000
S32.1  29  1947.3472  2015.1890  4.4953  4.0000
S32.2  29  377.4401  1594.5224  4.4953  4.0000
S32.3  29  2350.5734  1364.6752  4.4953  4.0000
S33.1  30  2203.7332  815.7405  4.8820  4.0000
S33.2  30  1952.3334  672.2810  4.8820  4.0000
S34.1  31  1672.2304  1957.2074  5.2437  4.0000
S34.2  31  1550.0224  669.1561  5.2437  4.0000
S34.3  31  2502.8377  1125.5410  5.2437  4.0000
S34.4  31  596.8877  1279.7475  5.2437  4.0000
S35.1  32  849.5055  2265.9046  6.1735  4.0000
S35.2  32  1260.7019  2368.1538  6.1735  4.0000
S36.1  33  2223.7931  1196.8940  6.2855  4.0000
S36.2  33  1968.1101  932.3162  6.2855  4.0000
S37.1  34  1651.7756  2054.8106  5.6489  4.0000
S37.2  34  1649.1271  2009.7386  5.6489  4.0000
S38.1  35  1165.0380  1694.9966  3.2000  4.0000
S38.2  35  1315.5328  1816.4755  3.2000  4.0000
S41.1  36  2007.9835  1390.4017  3.0000  1.0000
S41.2  36  1828.6995  1439.0019  3.0000  1.0000
S42.1  37  2142.0707  2282.4023  1.0315  4.0000
S42.2  37  2186.7659  2248.0006  1.0315  4.0000
S42.3  37  2156.7532  2259.3982  1.0315  4.0000
S43.1  38  2247.2933  1589.9996  3.0000  1.0000
S43.2  38  668.4252  1726.3929  3.0000  1.0000
S43.3  38  1927.3027  1991.8034  3.0000  1.0000
S44.1  39  1124.5202  1046.9964  3.0000  1.0000
S44.2  39  1201.6030  988.5975  3.0000  1.0000
S45.1  40  787.4720  1168.7969  3.0000  1.0000
S45.2  40  1257.0947  725.2793  3.0000  1.0000
